709337.47 -601337.34 -450265.01 -67301.2 966737.37 703454.76 30
-710084.097143 373782.811429 -335395.057143 0.203314 -0.167715 0.964643 7
-721643.090000 373959.190000 -331288.590000 -701219.040000 380656.690000 -338735.860000 -716979.660000 373183.520000 -326394.740000 -705350.160000 370684.450000 -337506.260000 -707177.550000 370360.940000 -329889.800000 -714022.720000 375525.470000 -345409.170000 -704196.460000 372109.420000 -338540.980000
-891895.563333 177907.615000 468291.026667 -0.927367 0.372455 0.035610 6
-817466.470000 203385.000000 431154.840000 -913281.670000 165503.220000 536591.320000 -905360.460000 109639.880000 428845.240000 -947887.530000 215576.940000 447053.030000 -827831.420000 144616.290000 511853.230000 -939545.830000 228724.360000 454248.500000
-921968.540000 -853931.082000 5065.832000 -0.893308 0.445279 0.061058 5
-942731.340000 -867174.610000 -4996.040000 -905583.190000 -829439.960000 -7276.090000 -941170.830000 -863759.810000 36278.930000 -906056.870000 -834384.550000 -10475.140000 -914300.470000 -874896.480000 11797.500000
-146359.205000 -700671.850000 -158152.871667 0.879967 0.305290 0.363946 6
-139289.310000 -706882.080000 -163335.050000 -148329.140000 -697079.950000 -160144.720000 -142912.890000 -694650.720000 -157928.010000 -147604.750000 -704636.620000 -153223.370000 -149930.290000 -701065.020000 -155974.870000 -150088.850000 -699716.710000 -158311.210000
589428.012500 -60359.080000 -808082.995000 0.203587 0.139970 -0.969000 4
590630.940000 -60818.050000 -808108.380000 588078.570000 -60419.780000 -808770.890000 588503.150000 -59951.580000 -807829.570000 590499.390000 -60246.910000 -807623.140000
124143.390000 -723199.756000 -701961.654000 0.650538 0.580813 0.489343 5
124010.670000 -731175.440000 -672124.320000 151786.550000 -722473.120000 -749476.190000 95719.840000 -708872.160000 -676965.080000 151142.070000 -706464.810000 -678183.060000 98057.820000 -747013.250000 -733059.620000
-689457.994286 194581.804286 -822789.594286 -0.834414 0.388904 0.390522 7
-681938.080000 189143.030000 -833080.140000 -686232.790000 182659.210000 -807074.030000 -681599.760000 197591.720000 -806558.870000 -700904.110000 211656.950000 -808887.030000 -691956.450000 190130.010000 -839583.830000 -691496.530000 211304.700000 -831007.780000 -692078.240000 179587.010000 -833335.480000
207806.665000 -268416.785000 385946.692500 -0.035900 0.779002 -0.625993 4
213828.480000 -284874.280000 377819.940000 212469.090000 -274402.190000 370698.290000 207078.780000 -277357.450000 377705.590000 197850.310000 -237033.220000 417562.950000
329866.530000 -795371.755000 807912.800000 -0.145617 -0.777612 0.611649 4
329434.580000 -795145.820000 808323.070000 330132.070000 -795094.150000 807375.920000 330414.670000 -795268.960000 807651.480000 329484.800000 -795978.090000 808300.730000
149091.405000 720260.562500 -263704.070000 0.336752 0.782775 -0.523317 4
186231.680000 727532.720000 -242885.240000 172921.160000 737527.630000 -239046.370000 121839.350000 676335.860000 -289301.770000 115373.430000 739646.040000 -283582.900000
565589.161667 -454678.253333 410084.815000 0.436031 -0.119777 -0.891925 6
557382.050000 -452980.900000 404755.410000 569176.850000 -455153.300000 413395.960000 570488.250000 -459781.550000 411216.240000 567487.280000 -448596.990000 406035.090000 567043.010000 -460818.910000 413037.950000 561957.530000 -450737.870000 412068.240000
-892503.111250 383703.797500 -297849.668750 -0.273479 0.408763 0.870702 8
-876197.770000 394061.680000 -297436.330000 -881542.870000 369310.590000 -284853.920000 -881064.440000 396616.230000 -302341.670000 -897820.630000 386811.040000 -311453.100000 -900481.160000 396142.350000 -286480.490000 -908860.090000 377964.140000 -294081.520000 -886057.080000 373349.280000 -310435.130000 -908000.850000 375375.070000 -295715.190000
326192.766667 620832.830000 106017.566667 0.990351 -0.137482 -0.017419 6
308159.510000 650993.930000 99579.080000 296751.290000 594831.680000 119348.440000 346782.290000 645776.260000 132947.300000 332299.940000 573417.990000 91202.920000 338341.950000 649287.960000 131790.700000 334821.620000 610689.160000 61236.960000
730326.740000 983929.387500 -857722.557500 0.713996 0.650266 0.259544 4
730959.680000 987283.980000 -865406.790000 723485.560000 983807.660000 -856253.960000 736976.700000 980370.700000 -857808.650000 729885.020000 984255.210000 -851420.830000
684969.514286 125851.817143 656197.621429 0.239896 0.829862 0.503765 7
693646.310000 136815.160000 650862.210000 688237.610000 132589.280000 663709.020000 671486.640000 131425.780000 661362.520000 688866.270000 110942.320000 637853.790000 674357.520000 138708.950000 653003.310000 688095.960000 109727.220000 660712.030000 690096.290000 120754.010000 665880.470000
470061.836250 122192.746250 865079.261250 -0.719922 -0.256078 0.645086 8
470607.780000 118989.230000 862066.940000 472638.510000 126220.150000 865754.450000 467202.920000 125645.670000 868279.830000 470096.260000 118455.080000 867857.670000 467690.750000 118146.720000 863977.250000 465929.120000 119166.420000 864794.560000 473232.240000 125412.290000 864040.130000 473097.110000 125506.410000 863863.260000
491339.705714 -435479.205714 327346.498571 0.868095 -0.473626 0.148622 7
473614.140000 -408078.290000 348605.660000 514615.110000 -418052.830000 311000.580000 491424.910000 -457462.770000 301621.320000 466743.050000 -462280.990000 320367.340000 514566.450000 -455742.870000 351502.750000 463946.270000 -429935.960000 306779.780000 514468.010000 -416800.730000 351548.060000
679261.505000 822125.550000 684377.997500 0.452586 -0.349265 0.820475 4
735221.720000 774253.970000 727002.900000 663584.320000 885741.900000 690965.140000 659354.000000 829063.750000 722930.570000 658885.980000 799442.580000 596613.380000
-655363.305000 38159.875000 -484786.062500 0.906173 0.276928 -0.319626 4
-664723.840000 27266.880000 -484004.450000 -650313.520000 46984.540000 -484948.290000 -654994.390000 29313.540000 -478567.450000 -651421.470000 49074.540000 -491624.060000
-437483.193750 409710.378750 363130.386250 0.415109 0.492055 0.765223 8
-436805.490000 409461.890000 362527.530000 -436918.340000 409437.900000 362401.010000 -437802.660000 410728.320000 362230.030000 -436808.510000 410749.250000 363483.230000 -437419.310000 408440.770000 364047.630000 -437539.640000 408298.480000 363750.740000 -437535.580000 410956.750000 364362.930000 -439036.020000 409609.670000 362239.990000
804640.706000 599161.584000 -324447.572000 0.705169 0.122510 -0.698376 5
787663.340000 591684.490000 -328955.210000 818138.820000 587820.760000 -334193.660000 792612.730000 613819.430000 -317282.210000 800488.990000 595959.770000 -309282.430000 824299.650000 606523.470000 -332524.350000
-468057.200000 911478.072500 -532137.857500 -0.027363 -0.742093 -0.669738 4
-494684.990000 887130.090000 -499380.380000 -510214.090000 921090.480000 -552100.200000 -431755.250000 913857.690000 -527207.950000 -435574.470000 923834.030000 -549862.900000
447493.436667 516955.306667 343284.405000 -0.244941 -0.774969 0.582604 6
455392.820000 530095.510000 348402.900000 443028.930000 530646.340000 347690.790000 440559.730000 491924.080000 338753.600000 438625.410000 525190.670000 352832.970000 448566.040000 493775.390000 328033.850000 458787.690000 530099.850000 343992.320000
836455.935000 906654.325000 380004.401667 -0.744154 -0.657798 -0.116343 6
837481.300000 906521.440000 379415.980000 836108.720000 906342.400000 379514.310000 836480.350000 907439.340000 380976.280000 836325.230000 905842.420000 380641.130000 836152.100000 907534.040000 379980.360000 836187.910000 906246.310000 379498.350000
-44270.270000 27492.191429 -826694.952857 -0.170108 0.352128 0.920364 7
-40316.760000 25341.950000 -820437.240000 -42088.590000 33672.210000 -827562.860000 -52924.410000 30368.340000 -826897.120000 -39745.590000 27093.010000 -820863.160000 -49459.160000 32588.270000 -830139.370000 -42544.360000 23505.650000 -832459.660000 -42813.020000 19875.910000 -828505.260000
981968.564000 127183.920000 -443315.036000 0.133984 -0.404860 0.904509 5
967206.700000 110285.810000 -480105.030000 977418.400000 157740.530000 -422315.670000 970081.820000 124118.050000 -482733.380000 1025667.860000 151803.440000 -418361.880000 969468.040000 91971.770000 -413059.220000
751262.057500 8898.120000 -271478.210000 0.559267 0.130151 0.818707 4
759950.790000 11859.670000 -267860.650000 747641.700000 14903.350000 -273921.910000 746762.880000 -2814.320000 -274958.990000 750692.860000 11643.780000 -269171.290000
452476.986000 730280.744000 -556688.370000 0.945220 -0.241782 0.219318 5
451510.320000 738375.610000 -553930.590000 449754.960000 736011.540000 -561277.290000 460478.680000 723197.000000 -545291.080000 451566.010000 731717.390000 -566941.520000 449074.960000 722102.180000 -556001.370000
97386.893333 4465.921667 352904.955000 -0.753888 0.133974 0.643198 6
81570.450000 9617.610000 365308.130000 75440.940000 22139.290000 347827.610000 104528.160000 -11895.700000 323319.980000 125677.350000 -10379.840000 353365.180000 91812.220000 31399.480000 365123.850000 105292.240000 -14085.310000 362484.980000
604420.452500 -456546.377500 161641.217500 0.757585 0.577634 0.303980 4
615697.690000 -420205.760000 166634.740000 600736.240000 -502197.300000 179095.900000 604105.450000 -492473.490000 186732.680000 597142.430000 -411308.960000 114101.550000
