787905.96 -681137.75 742380.34 -681296.19 -228677.0 685970.97 30
752788.584286 -6317.961429 333227.561429 0.547919 0.495216 0.674200 7
763164.250000 -12163.620000 326187.660000 733182.450000 -20186.770000 333564.420000 757254.940000 13192.580000 344997.780000 731452.720000 -15343.860000 328345.630000 760774.980000 -20961.080000 340841.200000 761262.650000 932.380000 323069.440000 762428.100000 10304.640000 335586.800000
-625544.897143 -666794.457143 -827109.811429 -0.143126 -0.674642 0.724136 7
-619712.960000 -664131.650000 -832326.480000 -627441.140000 -671577.660000 -817864.730000 -622230.050000 -670021.030000 -831816.570000 -629018.100000 -661366.210000 -835160.530000 -628600.720000 -672977.870000 -819965.000000 -633010.810000 -663332.900000 -833907.130000 -618800.500000 -664153.880000 -818728.240000
622047.965000 141158.372500 -339679.612500 0.482284 -0.834902 -0.265219 4
621661.790000 140692.080000 -338132.870000 619898.060000 142256.850000 -338912.700000 619637.150000 139217.120000 -342187.800000 626994.860000 142467.440000 -339485.080000
-374936.295000 -336809.737500 682260.872500 0.518573 0.394058 0.758815 4
-374613.550000 -338247.110000 681808.110000 -373631.440000 -337967.750000 683041.640000 -376196.700000 -335540.990000 682755.090000 -375303.490000 -335483.100000 681438.650000
-93957.048571 952946.368571 -11967.381429 0.531682 -0.541165 0.651502 7
-85495.890000 923440.540000 33728.940000 -126824.110000 924421.290000 7078.240000 -116995.780000 972208.750000 -41003.480000 -69034.290000 977999.790000 -46311.570000 -134642.730000 958604.600000 -4217.590000 -46618.590000 917297.340000 -14192.540000 -78087.950000 996652.270000 -18853.670000
-612003.835000 407544.003750 671212.118750 -0.128509 -0.646850 0.751712 8
-611157.040000 403067.770000 671009.910000 -610305.330000 412035.360000 672165.940000 -612337.180000 411933.410000 669850.690000 -613215.230000 410939.890000 675588.090000 -614381.770000 403219.490000 671896.560000 -610510.930000 404548.150000 668868.840000 -609396.720000 410826.650000 669981.910000 -614726.480000 403781.310000 670335.010000
-708192.145000 -55089.686667 607318.781667 -0.495965 -0.867264 -0.043265 6
-706026.070000 -56050.370000 596399.230000 -701557.300000 -54015.470000 603380.220000 -703406.530000 -63762.530000 609427.310000 -704335.700000 -59661.100000 615389.870000 -708180.020000 -47586.400000 615323.160000 -725647.250000 -49462.250000 603992.900000
-867544.571250 -334871.958750 519514.105000 -0.391561 -0.835562 0.385378 8
-887718.920000 -338005.650000 505383.020000 -851627.970000 -338420.340000 525791.850000 -867843.020000 -342587.240000 499245.820000 -861084.330000 -351830.390000 517900.910000 -884500.480000 -335721.470000 534974.920000 -885151.440000 -321333.970000 530296.000000 -849802.490000 -329213.520000 520554.350000 -852627.920000 -321863.090000 521965.970000
-611822.907500 318307.428750 259651.508750 -0.746259 -0.563370 -0.354558 8
-589435.750000 342261.720000 252071.600000 -572464.170000 322046.890000 271807.630000 -639519.260000 340142.070000 225746.430000 -650995.130000 341777.480000 230302.900000 -602584.710000 345813.080000 309828.260000 -579369.790000 336393.080000 279392.880000 -669350.080000 261077.640000 246382.550000 -590864.370000 256947.470000 261679.820000
461299.390000 -552284.251667 164658.798333 -0.943730 -0.215282 -0.251052 6
460602.370000 -557216.540000 162766.840000 465247.320000 -553706.600000 163515.550000 462322.480000 -547284.550000 164915.150000 458770.550000 -550109.970000 168310.460000 456817.410000 -550716.710000 167431.910000 464036.210000 -554671.140000 161012.880000
968661.882500 628095.830000 -615208.571250 -0.611671 -0.366379 0.701160 8
966978.550000 623348.230000 -611494.640000 963995.750000 627729.540000 -612402.270000 968487.630000 630028.730000 -619809.540000 974210.320000 628897.940000 -618089.090000 968189.430000 630175.380000 -619676.440000 974355.370000 625315.050000 -617017.690000 968443.470000 633068.260000 -611627.990000 964634.540000 626203.510000 -611550.910000
468847.897500 -739975.310000 114074.280000 0.211524 0.663029 0.718088 8
478258.580000 -727133.370000 107070.930000 472592.320000 -753094.620000 120136.290000 456804.580000 -741025.890000 94877.060000 478715.750000 -736781.320000 122883.100000 471657.680000 -733092.660000 95039.910000 458904.460000 -750899.920000 123386.140000 456588.910000 -744563.040000 126033.940000 477260.900000 -733211.660000 123166.870000
947393.800000 -997248.326000 736070.762000 -0.469762 -0.631401 0.616974 5
956439.270000 -998787.270000 724043.560000 948234.280000 -1007889.520000 732330.250000 953558.720000 -1007173.690000 733307.790000 938251.120000 -979688.970000 739933.220000 940485.610000 -992702.180000 750738.990000
-98216.568333 72893.703333 386251.016667 -0.187144 0.548993 0.814607 6
-54053.450000 136868.650000 352315.040000 -101435.680000 8547.770000 345476.330000 -137184.510000 106366.450000 431722.740000 -109630.400000 9720.190000 423859.230000 -36549.390000 114747.110000 339714.010000 -150445.980000 61112.050000 424418.750000
-125994.671667 314547.968333 -33546.375000 0.923432 -0.174992 0.341541 6
-125989.500000 314534.160000 -33538.510000 -126006.660000 314553.100000 -33538.790000 -125995.700000 314539.600000 -33565.590000 -125989.750000 314554.920000 -33559.090000 -125990.480000 314557.230000 -33542.660000 -125995.940000 314548.800000 -33533.610000
-893118.287500 331557.310000 416625.377500 -0.394380 0.748232 -0.533492 4
-895610.680000 334232.410000 403448.040000 -893671.160000 351115.000000 413886.500000 -894706.500000 320012.170000 418904.910000 -888484.810000 320869.660000 430262.060000
-250370.096667 -117821.191667 631985.183333 0.516048 0.795738 0.317012 6
-267444.650000 -122213.560000 617439.730000 -243685.700000 -97745.010000 637074.640000 -233060.250000 -129770.550000 633691.470000 -262038.370000 -138488.970000 624462.080000 -263943.860000 -97640.970000 631977.010000 -232047.750000 -121068.090000 647266.170000
778026.928333 542189.008333 152972.158333 0.501349 -0.853950 0.139349 6
788812.530000 564009.000000 150624.260000 792531.660000 525286.570000 145594.800000 772772.780000 526693.110000 147273.190000 773772.620000 548815.440000 139337.490000 777777.050000 550464.450000 179172.300000 762494.930000 537865.480000 155830.910000
345498.074000 287340.404000 -337777.760000 -0.327729 -0.927323 0.180738 5
362128.760000 259741.010000 -365571.530000 386649.540000 316934.840000 -304281.900000 360640.920000 301383.410000 -358711.560000 314497.530000 306672.860000 -332266.120000 303573.620000 251969.900000 -328057.690000
-600770.871429 -986398.308571 -972518.280000 0.708815 -0.676756 -0.198952 7
-590966.620000 -982145.810000 -982241.570000 -607877.220000 -983086.690000 -963090.560000 -612578.990000 -989476.800000 -972010.970000 -604514.070000 -978438.510000 -981617.850000 -606360.640000 -994178.390000 -963501.870000 -590109.100000 -982206.850000 -981462.810000 -592989.460000 -995255.110000 -963702.330000
-581877.622857 664710.998571 531509.544286 0.659304 -0.396405 -0.638890 7
-594656.680000 635811.800000 541377.930000 -564034.280000 653900.520000 527666.280000 -589763.880000 686253.990000 527963.780000 -562567.970000 656241.810000 539596.960000 -567210.380000 668902.420000 521722.330000 -612347.230000 670141.330000 542016.490000 -582562.940000 681725.120000 520223.040000
922307.277500 297508.422500 -895965.262500 -0.438812 0.668921 -0.599991 4
905697.200000 288941.970000 -907066.210000 927477.650000 276400.190000 -904577.330000 903719.020000 298485.500000 -909706.190000 952335.240000 326206.030000 -862511.320000
415793.951667 -292422.500000 -435200.773333 -0.112204 -0.273931 -0.955182 6
402378.240000 -327371.860000 -465107.940000 388893.730000 -285507.210000 -414138.670000 457951.950000 -304897.400000 -411494.440000 471745.030000 -289359.980000 -465268.640000 378602.510000 -277712.240000 -442218.680000 395192.250000 -269686.310000 -412976.270000
-704127.500000 273517.895714 644054.465714 -0.371934 -0.603626 0.705196 7
-704805.680000 271010.130000 644554.980000 -706639.460000 275094.270000 643700.790000 -704104.770000 275957.790000 641753.810000 -703084.410000 271330.240000 644532.870000 -704012.980000 275136.560000 645361.270000 -703862.130000 270906.420000 644330.360000 -702383.070000 275189.860000 644147.180000
582314.806000 -499743.686000 878047.626000 0.024274 0.678745 -0.733972 5
567741.200000 -461141.150000 852532.840000 548523.440000 -479213.930000 864774.980000 657215.710000 -479499.120000 863956.510000 590144.000000 -547922.820000 890910.970000 547949.680000 -530941.410000 918062.830000
753789.342500 -287509.373750 -551473.447500 0.289115 -0.545621 0.786581 8
757064.360000 -293248.660000 -542969.720000 745802.280000 -278878.760000 -549663.210000 755355.690000 -289264.410000 -540364.660000 751466.590000 -291856.370000 -559846.890000 758214.620000 -287200.330000 -558433.050000 761239.730000 -288183.620000 -554604.410000 744715.020000 -293206.600000 -555862.150000 756456.450000 -278236.240000 -550043.490000
935016.997500 -505124.078750 -758692.677500 -0.400548 -0.862101 0.310392 8
936800.760000 -505611.610000 -758251.140000 935867.170000 -506702.080000 -760041.850000 936019.020000 -504124.760000 -758164.450000 933047.600000 -506069.060000 -759169.880000 935901.720000 -504708.870000 -757313.550000 933549.670000 -504574.240000 -759659.770000 935315.020000 -503966.920000 -759660.200000 933635.020000 -505235.090000 -757280.580000
-20602.148000 -278205.792000 -296341.838000 -0.242550 0.232160 0.941951 5
-27961.170000 -274030.010000 -293827.130000 -24957.310000 -283397.140000 -288636.490000 -31443.220000 -287240.570000 -297023.020000 6714.980000 -269913.260000 -312201.210000 -25364.020000 -276447.980000 -290021.340000
-166996.161429 -66733.628571 980574.684286 -0.433485 0.136571 0.890752 7
-184235.470000 -54046.640000 975480.260000 -152737.010000 -75402.620000 984663.390000 -153544.420000 -61741.830000 988559.590000 -158824.300000 -80076.430000 964191.090000 -160899.940000 -62968.740000 994000.630000 -177092.510000 -80947.240000 986157.990000 -181639.480000 -51951.900000 970969.840000
-198821.517500 -430648.472500 150656.323750 0.638449 0.506201 0.579779 8
-198694.210000 -430926.620000 150578.770000 -198668.990000 -430418.250000 151081.150000 -198800.280000 -430955.050000 150522.530000 -198676.660000 -430517.610000 150445.480000 -199337.280000 -430440.730000 150980.530000 -198734.420000 -430641.130000 150392.460000 -198651.270000 -430957.080000 150812.130000 -199009.030000 -430331.310000 150437.540000
