-100604.59 -649957.97 695422.99 -41071.23 117050.26 741185.44 30
108034.737500 917403.537500 39313.756250 0.520819 0.572138 0.633566 8
96745.060000 926262.670000 48924.010000 124468.810000 929484.620000 44022.730000 104041.970000 888312.480000 38169.160000 99673.710000 920032.730000 29781.160000 127284.650000 918234.960000 62562.010000 99857.930000 927951.110000 40217.050000 100970.660000 919212.760000 28328.720000 111235.110000 909736.970000 22505.210000
-376920.821429 186999.367143 718777.784286 0.133488 -0.149717 0.979676 7
-375924.470000 185710.100000 718195.900000 -377297.590000 187966.870000 719953.600000 -377562.100000 188050.260000 719735.800000 -377625.970000 184976.820000 719663.910000 -376996.720000 187878.770000 717965.120000 -377173.900000 187920.180000 717998.620000 -375865.000000 186492.570000 717931.540000
-701807.880000 794854.701250 711715.897500 -0.674664 0.146071 -0.723527 8
-697678.190000 827768.070000 702607.220000 -709994.800000 775043.930000 718557.230000 -722829.120000 792554.370000 713361.120000 -670229.250000 814539.790000 715946.170000 -709605.040000 771788.940000 710659.430000 -679927.040000 824813.000000 708771.370000 -707939.520000 775340.990000 721221.190000 -716260.080000 776988.520000 702603.450000
-301431.485000 -42646.465000 486.485000 -0.608229 0.665437 -0.432726 8
-319895.910000 -199.130000 18561.470000 -320719.850000 -48029.250000 -34300.110000 -257724.990000 -55851.290000 1071.320000 -290422.620000 -65623.700000 27711.100000 -322471.850000 1985.140000 -11891.830000 -320570.030000 -64524.570000 16104.460000 -299151.330000 -65271.280000 28296.290000 -280495.300000 -43657.640000 -41660.820000
530194.234286 -386839.018571 -627266.785714 0.638687 0.214852 -0.738862 7
497989.710000 -389827.150000 -617132.590000 503207.900000 -345168.950000 -628228.660000 558113.900000 -416488.270000 -625479.860000 562747.470000 -407104.310000 -617229.420000 511248.670000 -395936.250000 -685347.810000 554920.520000 -349173.550000 -610673.640000 523131.470000 -404174.650000 -606775.520000
536231.702500 50980.053750 896264.420000 -0.664788 -0.349917 -0.660012 8
611413.010000 -3601.000000 864669.790000 529056.190000 91243.080000 940448.690000 495591.650000 48109.560000 872500.930000 535866.670000 17075.080000 835077.980000 509928.130000 58280.540000 945147.500000 535267.920000 55898.190000 831852.600000 525197.400000 103446.100000 910659.740000 547532.650000 37388.880000 969758.130000
-558748.306250 -581736.081250 -21360.106250 0.125610 -0.828065 -0.546379 8
-586248.330000 -560033.590000 -33298.710000 -565486.300000 -613984.960000 -31072.030000 -539310.460000 -564982.440000 -3358.790000 -532103.270000 -595299.810000 -12411.210000 -572010.370000 -597063.440000 1999.730000 -590638.890000 -573559.120000 -39193.540000 -536036.290000 -587236.850000 -2133.200000 -548152.540000 -561728.440000 -51413.100000
-487278.701250 -960947.090000 -8469.272500 -0.161812 -0.695312 0.700256 8
-485744.740000 -964606.250000 -9067.730000 -482693.700000 -958047.700000 -7748.720000 -487769.060000 -957597.880000 -7844.040000 -488185.200000 -958312.050000 -7574.470000 -488323.920000 -963483.840000 -11328.670000 -489707.210000 -960360.600000 -9392.750000 -487972.500000 -962273.240000 -7221.040000 -487833.280000 -962895.160000 -7576.760000
-722853.434000 251334.402000 706888.618000 -0.692746 0.708857 0.132757 5
-721894.720000 252546.290000 707779.490000 -722876.890000 249605.170000 709492.310000 -722082.490000 253021.110000 706057.740000 -721932.590000 248369.120000 706822.830000 -725480.480000 253130.320000 704290.720000
856355.532000 118060.490000 748130.666000 -0.918026 0.044067 0.394063 5
841878.770000 136464.720000 736581.310000 838833.090000 106505.430000 744110.290000 860438.010000 104480.120000 767086.200000 869095.650000 134197.340000 725829.680000 871532.140000 108654.840000 767045.850000
940439.725000 542057.681667 223173.508333 0.688479 -0.414458 0.595164 6
936409.520000 546565.790000 228943.320000 949307.430000 548486.120000 223738.010000 930317.610000 534960.750000 207039.580000 933769.840000 539180.750000 231381.880000 942233.180000 552088.010000 219127.570000 950600.770000 531064.670000 228810.690000
562739.242000 -498638.812000 42418.486000 0.474412 -0.140688 -0.868988 5
586060.420000 -489584.320000 35266.570000 570605.030000 -528180.680000 33442.860000 564004.120000 -474051.580000 62738.690000 568579.660000 -485365.790000 66836.080000 524446.980000 -516011.690000 13808.230000
502191.387500 630042.527500 150996.292500 0.829610 0.245063 0.501689 4
501405.510000 632391.980000 153786.510000 502914.530000 632594.110000 149522.120000 503973.010000 627229.410000 149922.830000 500472.500000 627954.610000 150753.710000
511970.310000 545344.213750 -617157.681250 0.343858 0.574053 -0.743118 8
511903.740000 545932.990000 -616508.810000 512898.030000 545844.770000 -617940.430000 511792.790000 545671.370000 -616366.730000 511558.670000 544615.460000 -616666.210000 512518.710000 546146.290000 -617729.950000 511506.250000 545074.810000 -617841.270000 511905.970000 544693.790000 -616269.740000 511678.320000 544774.230000 -617938.310000
7130.225000 399547.485000 -428545.090000 -0.449821 -0.649240 0.613309 8
-34978.960000 395402.580000 -442353.500000 52795.320000 426582.340000 -434060.920000 54124.400000 425161.370000 -415374.880000 -22259.540000 392845.680000 -387000.850000 10334.290000 441365.120000 -399082.400000 38582.450000 364993.510000 -453990.340000 -6804.900000 362136.560000 -455804.260000 -34751.260000 387892.720000 -440693.570000
730159.767143 169742.284286 622900.117143 0.679951 -0.061725 0.730655 7
734609.680000 171084.620000 621437.380000 728650.830000 168477.790000 627187.510000 732663.660000 164579.910000 620350.380000 726048.500000 168335.610000 624681.420000 727504.380000 171164.060000 619761.220000 727785.760000 172406.670000 623815.080000 733855.560000 172147.330000 623067.830000
422551.668333 -142140.915000 -221034.108333 -0.634982 0.580844 0.509330 6
412772.100000 -146432.090000 -232222.930000 414281.300000 -143401.400000 -210018.590000 418142.030000 -130034.140000 -231178.760000 434767.970000 -133313.340000 -216446.970000 435070.700000 -149928.650000 -226507.110000 420275.910000 -149735.870000 -209830.290000
-384773.500000 475733.707500 -379912.813750 -0.283491 0.947671 -0.146806 8
-409918.030000 498782.690000 -377780.070000 -362861.970000 486557.740000 -357436.030000 -411001.850000 455051.220000 -363244.520000 -356099.680000 489652.400000 -371939.990000 -376963.260000 453996.040000 -352099.450000 -368361.270000 473815.890000 -410710.110000 -402866.430000 497530.620000 -399144.970000 -390115.510000 450483.060000 -406947.370000
-753082.152500 466243.545000 -735075.620000 -0.568126 0.629539 -0.530013 4
-749482.450000 477485.170000 -733798.400000 -742474.750000 451755.510000 -730741.940000 -761696.330000 476839.490000 -728265.080000 -758675.080000 458894.010000 -747497.060000
-647695.918333 510418.986667 565784.831667 0.550700 -0.240137 -0.799414 6
-638508.250000 499933.600000 562020.060000 -643499.440000 517561.530000 574991.600000 -641472.200000 505729.400000 554367.920000 -656940.320000 516754.470000 573729.090000 -660275.770000 500552.150000 563961.240000 -645479.530000 521982.770000 565639.080000
-679696.402500 -661349.065000 502626.922500 0.049394 -0.902602 0.427632 4
-681847.510000 -649191.550000 501376.890000 -664618.400000 -665937.820000 497134.370000 -687970.970000 -665821.050000 515227.770000 -684348.730000 -664445.840000 496768.660000
-144115.162500 59579.072500 -673274.325000 -0.923344 -0.004940 -0.383943 8
-159273.360000 65155.050000 -683123.300000 -132681.570000 46087.240000 -664273.850000 -137115.810000 54225.910000 -687180.940000 -156715.430000 58576.000000 -654422.390000 -142311.100000 69213.130000 -655141.840000 -141311.790000 72654.240000 -682652.830000 -140091.100000 40309.590000 -673939.550000 -143421.140000 70411.420000 -685459.900000
629863.922500 -109896.295000 -96403.577500 0.218519 -0.589763 -0.777450 4
631656.640000 -109021.200000 -93946.160000 630789.400000 -110464.640000 -97066.370000 628065.580000 -109923.340000 -97017.920000 628944.070000 -110176.000000 -97583.860000
-938620.755000 -623806.788333 -425994.930000 0.761602 -0.260461 -0.593398 6
-919493.230000 -637451.450000 -432307.930000 -936011.820000 -612246.130000 -440482.460000 -921850.110000 -615211.190000 -436505.120000 -961991.610000 -637298.860000 -407407.140000 -935099.600000 -624664.170000 -443180.800000 -957278.160000 -615968.930000 -396086.130000
-110785.788333 -937324.480000 -712532.098333 -0.017999 -0.393779 0.919029 6
-130776.180000 -924420.760000 -691185.860000 -85870.060000 -969977.340000 -737151.970000 -104185.530000 -951331.260000 -748031.880000 -128820.240000 -934533.600000 -732933.610000 -88558.680000 -931078.000000 -666314.910000 -126504.040000 -912605.920000 -699574.360000
-41443.977143 -932188.202857 441315.878571 -0.401397 -0.320848 0.857868 7
-41617.930000 -930267.690000 430241.790000 -40110.380000 -918648.830000 442713.860000 -32022.520000 -938874.880000 440786.320000 -34866.780000 -924829.950000 452144.640000 -33837.770000 -935309.360000 453840.200000 -53946.470000 -938280.990000 434590.280000 -53705.990000 -939105.720000 434894.060000
969686.876250 -316940.226250 -986542.541250 -0.608032 -0.250285 -0.753428 8
961851.080000 -307088.280000 -986657.860000 989496.910000 -310771.650000 -988608.830000 958762.990000 -326323.940000 -996881.780000 975407.810000 -305359.980000 -992381.430000 959192.030000 -320206.330000 -996986.330000 962897.070000 -318126.870000 -964792.510000 961771.850000 -332161.200000 -997623.690000 988115.270000 -315483.560000 -968407.900000
-440708.924286 -758772.045714 906414.244286 -0.898849 0.415547 0.139250 7
-426003.160000 -750394.090000 922015.410000 -440599.410000 -740467.310000 894983.810000 -448150.100000 -748940.340000 886398.410000 -460151.250000 -767879.790000 907663.140000 -449713.700000 -785337.050000 895908.900000 -448107.720000 -758675.990000 923769.610000 -412237.130000 -759709.750000 914160.430000
782105.860000 -674145.850000 294834.420000 0.907086 0.063289 0.416161 5
739973.180000 -625097.950000 267731.390000 768627.450000 -697540.660000 348689.690000 801780.400000 -716520.860000 271498.830000 806592.360000 -699888.150000 335845.520000 793555.910000 -631681.630000 250406.670000
738498.106667 445092.980000 808709.421667 -0.596915 -0.624145 0.504118 6
747310.620000 436551.510000 810956.850000 721925.140000 444797.660000 799776.920000 718248.110000 448154.480000 802547.640000 745834.250000 440757.920000 826267.430000 746381.810000 459575.980000 799554.150000 751288.710000 440720.330000 813153.540000
