-18627.94 312543.27 -237108.89 -918667.86 -56275.26 300584.91 30
337185.017143 527321.724286 -583286.302857 0.911268 -0.150629 0.383278 7
311010.620000 501119.930000 -591156.980000 364780.000000 512524.810000 -562812.350000 327346.250000 504015.880000 -611793.050000 310028.660000 516195.880000 -608024.250000 358046.190000 550772.030000 -561575.860000 357201.470000 541935.500000 -554605.920000 331881.930000 564688.040000 -593035.710000
405447.305000 583061.691250 -356586.110000 0.587959 0.803109 0.096538 8
400371.490000 583021.910000 -356558.240000 407760.660000 580766.070000 -357582.690000 400887.450000 587121.370000 -356566.280000 401448.260000 582766.890000 -355014.070000 409409.000000 583294.430000 -358789.380000 407663.220000 580794.230000 -357103.700000 407577.460000 581278.990000 -355925.730000 408460.900000 585449.640000 -355148.790000
503616.820000 -165067.105000 -415874.588750 0.983848 0.171915 0.049889 8
504248.620000 -166348.380000 -415827.730000 504330.640000 -163616.330000 -414424.730000 503690.090000 -163819.520000 -416989.430000 501822.930000 -166374.300000 -415321.800000 504397.720000 -166099.090000 -416106.720000 504690.700000 -164326.210000 -416416.480000 504141.420000 -166384.230000 -415957.350000 501612.440000 -163568.780000 -415952.470000
696262.976250 -879058.370000 -665948.285000 -0.502455 0.847524 0.171002 8
696493.180000 -879239.650000 -665854.890000 696304.710000 -878687.570000 -665831.470000 696593.630000 -879204.970000 -666306.700000 696208.240000 -879484.590000 -665806.990000 695736.070000 -879486.430000 -666449.740000 696361.440000 -878935.670000 -665714.100000 696013.970000 -878605.600000 -665833.300000 696392.570000 -878822.480000 -665789.090000
166182.450000 307038.751429 400158.551429 -0.537194 -0.569083 -0.622549 7
176355.860000 299089.640000 403104.970000 159914.980000 315375.560000 396150.800000 162691.950000 305234.390000 389851.450000 163878.400000 298157.010000 402569.290000 178963.050000 315822.770000 396677.840000 161489.580000 312397.710000 407834.190000 159983.330000 303194.180000 404921.320000
-645531.576000 385976.326000 -284196.436000 0.428046 -0.633473 0.644584 5
-689238.450000 418992.890000 -302538.300000 -646658.290000 343169.850000 -281158.360000 -650094.180000 409056.070000 -241998.750000 -616266.570000 403445.020000 -302887.020000 -625400.390000 355217.800000 -292399.750000
232776.952000 739161.982000 420153.618000 0.849887 0.502761 -0.157873 5
246398.280000 776144.250000 402398.900000 251728.680000 727874.140000 404711.180000 229055.570000 741677.150000 478216.570000 218200.250000 709918.770000 422432.630000 218501.980000 740195.600000 393008.810000
353023.305000 915179.920000 -390185.403333 -0.674538 -0.723199 -0.148264 6
339389.660000 923162.610000 -370244.970000 336039.150000 900519.100000 -415761.140000 379624.730000 955910.200000 -387700.810000 324124.630000 920275.460000 -394010.480000 360502.660000 887403.130000 -398214.750000 378459.000000 903809.020000 -375180.270000
-91151.056000 -891196.646000 310344.900000 -0.436241 0.767955 -0.468976 5
-95107.070000 -891513.120000 309528.730000 -90904.870000 -891463.600000 312569.060000 -89283.990000 -890366.390000 310526.160000 -90173.910000 -888945.550000 309982.030000 -90285.440000 -893694.570000 309118.520000
-506905.836250 -724559.240000 642902.368750 -0.687531 -0.689825 0.226809 8
-489131.340000 -748127.370000 641965.770000 -531608.320000 -715310.400000 635092.520000 -508477.200000 -700941.360000 635623.220000 -495390.810000 -704450.520000 636032.620000 -486388.030000 -723311.420000 631980.250000 -540240.350000 -726355.620000 651280.500000 -485022.260000 -732979.610000 634212.280000 -518988.380000 -744997.620000 677031.790000
851332.748750 533750.658750 666117.472500 0.120178 0.802408 -0.584550 8
847483.200000 537922.060000 692240.140000 838703.420000 521085.640000 675423.200000 832717.410000 532693.300000 652958.760000 839996.590000 528633.800000 649547.700000 864359.150000 556838.080000 654367.380000 852785.560000 518085.640000 675131.860000 870335.580000 536444.120000 681493.030000 864281.080000 538302.630000 647777.710000
754079.480000 -953047.796000 -973722.870000 0.114083 -0.425943 -0.897529 5
727738.530000 -955952.320000 -967900.330000 779517.670000 -960315.930000 -979858.670000 742586.680000 -919737.550000 -987968.230000 780956.570000 -960963.840000 -968762.180000 739597.950000 -968269.340000 -964124.940000
698650.715714 -175442.584286 -425568.554286 -0.475877 -0.810993 -0.340340 7
654855.480000 -202547.550000 -405450.190000 701751.640000 -208653.940000 -438451.230000 698718.480000 -135179.980000 -459582.910000 704208.870000 -192135.080000 -408642.240000 709292.710000 -152164.840000 -411809.860000 710197.480000 -141072.990000 -428155.140000 711530.350000 -196343.710000 -426888.310000
121905.936667 263332.543333 -702837.595000 0.319465 0.767843 -0.555302 6
124419.600000 267545.220000 -706769.870000 121717.370000 267073.830000 -694204.030000 113034.780000 259619.650000 -699898.430000 127707.970000 262561.580000 -705711.850000 117504.370000 265891.160000 -708124.830000 127051.530000 257303.820000 -702316.560000
-860671.193750 -34162.243750 471379.700000 -0.818376 -0.355496 0.451534 8
-860057.180000 -28788.520000 474849.310000 -858591.640000 -37689.570000 467553.210000 -862991.610000 -35109.600000 465568.530000 -860566.250000 -36458.090000 474280.690000 -858153.620000 -37321.560000 467082.600000 -861266.950000 -27802.690000 473732.360000 -859147.550000 -35950.400000 474696.990000 -864594.750000 -34177.520000 473273.910000
-227325.525000 8751.852500 -906977.332500 -0.774905 -0.117191 0.621119 4
-224439.360000 6628.170000 -909221.650000 -228488.130000 11575.080000 -907351.630000 -228658.160000 10398.720000 -908465.210000 -227716.450000 6405.440000 -902870.840000
406595.913333 54426.356667 -884797.608333 0.875079 -0.447688 0.183883 6
406523.740000 54270.150000 -884929.620000 406482.540000 54601.250000 -884979.820000 406573.430000 54409.300000 -884531.420000 406532.820000 54259.510000 -884647.800000 406832.060000 54420.840000 -884687.590000 406630.890000 54597.090000 -885009.400000
-938099.915000 223061.347500 -830907.555000 -0.895696 -0.308314 0.320425 4
-910349.720000 185449.480000 -849214.100000 -917151.340000 199672.320000 -772957.940000 -997282.510000 251562.310000 -848810.680000 -927616.090000 255561.280000 -852647.500000
600054.068571 -372383.938571 820714.104286 0.546857 -0.559765 0.622584 7
595109.300000 -377339.120000 819119.780000 601750.400000 -368099.220000 813540.150000 596463.100000 -377956.780000 819420.410000 603357.490000 -374867.810000 827781.830000 605013.570000 -365468.880000 816817.890000 599334.850000 -364951.230000 829689.740000 599349.770000 -378004.530000 818628.930000
-175169.743750 598465.510000 -90651.490000 -0.321888 0.703691 0.633409 8
-175834.040000 599657.560000 -90796.350000 -175868.970000 599610.090000 -90550.340000 -175542.470000 597577.750000 -91329.820000 -173792.780000 599173.250000 -91034.420000 -175277.200000 598482.250000 -89450.490000 -174066.350000 597902.100000 -90100.120000 -175718.680000 597930.800000 -91600.810000 -175257.460000 597390.280000 -90349.570000
601201.297500 -500615.675000 824270.392500 0.764690 0.112295 -0.634539 4
603198.530000 -503496.270000 822330.730000 601632.030000 -497847.130000 822647.660000 598991.450000 -499140.960000 824583.870000 600983.180000 -501978.340000 827519.310000
119946.638333 11056.571667 -290709.315000 -0.729798 -0.424762 0.535698 6
145210.540000 -3308.320000 -299423.200000 90465.560000 -41670.060000 -306377.970000 139065.630000 -3644.790000 -310461.290000 118834.340000 34311.920000 -238973.990000 122364.380000 49910.170000 -262123.260000 103739.380000 30740.510000 -326896.180000
269436.982500 463092.620000 468936.610000 0.919122 -0.152108 -0.363424 4
271831.820000 456925.680000 455952.200000 270881.520000 467339.050000 477146.580000 257861.720000 469514.830000 471819.720000 277172.870000 458590.920000 470827.940000
-762201.694000 -662577.774000 -513524.268000 -0.265287 0.668592 -0.694700 5
-755022.490000 -632326.970000 -484971.990000 -753522.330000 -679766.610000 -545417.590000 -736598.990000 -645898.940000 -520971.190000 -796790.770000 -649189.210000 -476772.150000 -769073.890000 -705707.140000 -539488.420000
-427869.717500 970105.472500 938839.600000 -0.256484 0.958329 -0.125781 4
-432576.050000 996584.000000 955689.150000 -446027.420000 972458.390000 959901.970000 -434447.150000 955917.310000 899469.590000 -398428.250000 955462.190000 940297.690000
-150356.257143 865298.917143 -219997.288571 -0.088454 -0.644042 0.759859 7
-156095.590000 854714.380000 -191025.560000 -156075.230000 874963.450000 -241677.590000 -137505.330000 857017.410000 -227395.810000 -153329.010000 858129.780000 -236038.040000 -178430.230000 889093.760000 -223788.670000 -134549.860000 865479.600000 -193026.250000 -136508.550000 857694.040000 -227029.100000
-655991.253333 454147.953333 -342410.673333 -0.483230 0.351082 0.802016 6
-654983.540000 487944.260000 -332175.180000 -642321.400000 439926.190000 -352580.950000 -657470.950000 442251.950000 -318571.270000 -687698.450000 464180.860000 -345720.710000 -633191.960000 447645.210000 -341271.160000 -660281.220000 442939.250000 -364144.770000
752880.618571 342658.428571 -609291.570000 -0.791434 0.299292 0.532970 7
756194.210000 344519.140000 -599238.560000 760261.390000 327063.620000 -609464.360000 747047.180000 352490.290000 -604480.280000 760254.060000 349348.820000 -604768.890000 744003.430000 330857.400000 -601829.870000 739689.100000 348120.700000 -622385.150000 762714.960000 346209.030000 -622873.880000
-170819.531667 291532.426667 692267.813333 -0.654361 -0.713678 0.249950 6
-171132.720000 291908.090000 692576.240000 -169996.990000 291374.180000 691884.330000 -170542.490000 290922.060000 692625.450000 -171116.000000 291987.990000 692492.630000 -171174.950000 291977.480000 692161.000000 -170954.040000 291024.760000 691867.230000
557855.850000 845147.642500 -428778.097500 0.748254 -0.069099 0.659804 4
559318.760000 844518.650000 -428770.530000 558290.600000 845018.920000 -429513.030000 556790.900000 845562.990000 -428001.400000 557023.140000 845490.010000 -428827.430000
