-16147.5 -523961.09 -34981.33 -972820.35 -940877.32 404297.54 30
952332.430000 -588522.327500 681588.181250 -0.610441 0.557810 -0.562326 8
975605.880000 -555877.640000 626932.930000 917644.920000 -649357.000000 704518.290000 976700.360000 -561288.170000 717106.720000 968289.780000 -546718.190000 638992.290000 995375.220000 -563581.820000 629918.710000 961273.500000 -592703.570000 736467.930000 915726.030000 -655538.670000 692275.860000 908043.750000 -583113.560000 706492.720000
430365.170000 -922101.292857 188045.937143 0.364974 -0.361457 -0.857987 7
420638.470000 -934709.890000 175280.650000 411780.770000 -923113.810000 177444.440000 442948.510000 -915275.790000 170549.410000 453003.800000 -921558.630000 198931.030000 454516.300000 -918286.020000 192541.330000 412065.720000 -908428.650000 197427.730000 417602.620000 -933336.260000 204146.970000
349952.438000 -455583.028000 274954.988000 0.868848 -0.093265 0.486214 5
355431.950000 -454331.510000 280137.390000 357442.080000 -458871.590000 275359.820000 352099.110000 -449258.020000 271027.080000 343217.400000 -448790.920000 270034.510000 341571.650000 -466663.100000 278216.140000
-348232.533333 -977908.248333 315179.270000 -0.531531 0.773872 -0.344378 6
-342953.900000 -955771.000000 304579.820000 -367094.130000 -991623.810000 333800.490000 -343001.290000 -1009577.820000 312471.720000 -366119.240000 -990777.950000 300735.130000 -333394.160000 -959416.320000 303138.040000 -336832.480000 -960282.590000 336350.420000
213286.776250 -381587.507500 713130.423750 -0.666136 -0.547968 -0.505958 8
223850.920000 -378683.570000 719852.440000 202632.760000 -375122.020000 713727.940000 202747.890000 -375425.020000 712250.010000 205860.490000 -387121.740000 706373.990000 223739.900000 -384956.060000 710058.360000 222113.380000 -377921.040000 722339.980000 202440.510000 -385858.500000 709777.950000 222908.360000 -387612.110000 710662.720000
436702.985714 796460.287143 -678197.274286 -0.744291 -0.607860 -0.276653 7
431088.540000 805609.480000 -673989.850000 423022.650000 789868.310000 -678375.080000 453740.550000 806731.250000 -681708.960000 440171.930000 774473.300000 -675304.410000 444732.380000 783302.470000 -665884.000000 430205.480000 805621.640000 -689813.200000 433959.370000 809615.560000 -682305.420000
840538.356000 42487.822000 632791.556000 0.397645 -0.669871 -0.627017 5
884280.820000 51020.310000 615484.390000 876426.030000 77430.950000 588635.260000 845586.450000 35837.400000 665827.670000 811333.680000 71088.860000 667724.030000 785064.800000 -22938.410000 626286.430000
-181202.685000 -768139.786250 290795.003750 0.561251 0.031759 -0.827036 8
-181214.610000 -767629.510000 292351.340000 -183330.410000 -769629.220000 289464.720000 -181565.450000 -765731.910000 290028.980000 -181840.500000 -769066.190000 292216.990000 -179054.890000 -768745.840000 290451.590000 -179348.470000 -768415.250000 291300.280000 -183096.010000 -769845.680000 290613.770000 -180171.140000 -766054.690000 289932.360000
333060.377500 -701107.873750 -910736.678750 -0.344258 -0.639968 -0.686969 8
331196.640000 -694976.870000 -906992.080000 327129.440000 -704086.030000 -914305.410000 337635.670000 -697942.470000 -911667.180000 336390.890000 -705665.520000 -911558.850000 327688.220000 -705656.120000 -907409.910000 335737.630000 -697300.500000 -914392.350000 332468.110000 -705837.980000 -905646.020000 336236.420000 -697397.500000 -913921.630000
373901.773750 697636.125000 630768.796250 0.566051 0.807887 0.164026 8
361731.900000 702990.570000 622876.280000 364802.170000 688783.380000 637640.660000 391270.910000 709701.980000 646110.190000 373424.320000 709170.530000 615497.390000 369674.140000 685547.600000 627572.260000 381436.670000 697734.650000 652113.290000 386848.740000 693562.520000 617657.590000 362025.340000 693597.770000 626682.710000
-339975.772000 611827.330000 612689.096000 -0.888857 0.383256 0.251092 5
-331127.340000 617526.670000 624962.130000 -325693.360000 603040.910000 610156.060000 -335954.300000 593620.050000 608041.550000 -345445.460000 630060.660000 610894.890000 -361658.400000 614888.360000 609390.850000
638354.418750 -268946.172500 -196232.200000 -0.174832 -0.482907 0.858041 8
637016.270000 -252185.560000 -191181.100000 648342.030000 -273630.990000 -214008.710000 656537.470000 -267320.400000 -188934.120000 650249.260000 -278097.650000 -209970.200000 631568.750000 -280680.000000 -195025.980000 631287.070000 -270758.190000 -185525.080000 625992.480000 -265205.930000 -192091.640000 625842.020000 -263690.660000 -193120.770000
-414517.845000 382524.195000 615699.712500 -0.995628 0.007525 0.093107 4
-407042.780000 390775.430000 595369.460000 -438511.190000 373381.140000 624714.810000 -380164.440000 384107.690000 599966.420000 -432352.970000 381832.520000 642748.160000
-823381.245714 681662.208571 -192998.885714 -0.242733 0.699609 -0.672032 7
-815345.750000 667325.340000 -200528.670000 -819141.890000 670189.820000 -188124.110000 -807866.690000 670467.920000 -193168.790000 -842233.940000 679279.100000 -205794.140000 -824625.800000 676236.760000 -180737.550000 -808084.470000 719999.710000 -187442.380000 -846370.180000 688136.810000 -195196.560000
-462507.046667 878396.005000 -155936.278333 0.757153 -0.207827 -0.619296 6
-476686.610000 893305.270000 -132612.970000 -432064.460000 880542.100000 -173640.240000 -447914.400000 849080.430000 -176428.160000 -486008.610000 873515.070000 -174162.130000 -485091.620000 894037.110000 -157307.480000 -447276.580000 879896.050000 -121466.690000
719418.620000 976539.766667 -593906.580000 0.639366 0.762265 0.100813 6
719486.920000 975845.520000 -593451.370000 718375.860000 976301.070000 -593488.400000 719968.960000 976900.200000 -593498.840000 719027.170000 976554.520000 -594922.260000 719871.990000 976466.100000 -594615.440000 719780.820000 977171.190000 -593463.170000
164927.620000 687097.145000 937755.625000 0.883848 -0.204679 -0.420617 4
184746.380000 706097.550000 937080.980000 136569.020000 685382.590000 930934.220000 151218.540000 669803.500000 938778.530000 187176.540000 687104.940000 944228.770000
757920.136250 -453090.253750 -485327.883750 0.897963 -0.423731 0.118805 8
760807.870000 -449781.120000 -485785.750000 757679.580000 -452642.330000 -483632.350000 761070.980000 -455143.140000 -485537.880000 756563.250000 -455859.750000 -485162.250000 754120.020000 -452404.200000 -485845.270000 758093.140000 -453238.760000 -483638.700000 760460.800000 -449888.490000 -485359.390000 754565.450000 -455764.240000 -487661.480000
223824.947143 -379070.724286 -17766.638571 0.836092 0.254193 0.486144 7
225134.750000 -377777.370000 -18887.490000 225964.740000 -379696.030000 -18609.420000 224097.160000 -378545.650000 -15994.380000 222970.530000 -377778.650000 -18378.300000 222507.130000 -379213.790000 -18759.230000 223471.090000 -380376.230000 -16503.350000 222629.230000 -380107.350000 -17234.300000
366498.257500 -648971.718750 832119.103750 -0.674085 -0.572358 0.466922 8
376602.270000 -625723.210000 836012.260000 370794.560000 -634593.140000 824905.080000 353553.900000 -653030.560000 823570.590000 388612.470000 -663706.770000 832243.070000 349979.010000 -668918.840000 833598.070000 339133.970000 -641556.090000 851684.960000 373856.710000 -634537.840000 825492.990000 379453.170000 -669707.300000 829445.810000
764025.057500 -385914.845000 -430608.425000 0.501153 -0.760521 0.412859 8
761365.280000 -376906.110000 -430127.380000 766292.590000 -379654.320000 -420662.580000 758969.430000 -393548.580000 -429901.650000 766865.570000 -394498.080000 -435528.040000 759908.140000 -381068.260000 -435649.240000 761573.810000 -393201.360000 -435222.710000 761952.320000 -376974.220000 -426210.990000 775273.320000 -391467.830000 -431564.810000
962198.828571 -337739.414286 -978950.672857 0.692013 -0.340858 0.636344 7
977382.470000 -340580.950000 -986048.240000 940457.080000 -337261.460000 -969099.780000 946871.340000 -328638.290000 -961685.830000 965726.070000 -328166.250000 -992481.940000 974636.170000 -342442.340000 -988819.530000 962482.940000 -338253.860000 -995292.440000 967835.730000 -348832.750000 -959226.950000
330129.348333 -732090.911667 314466.810000 -0.817946 -0.241782 -0.522020 6
326445.050000 -742367.740000 312809.640000 338694.530000 -732588.570000 326043.130000 328678.660000 -741379.380000 326125.020000 329945.880000 -722506.860000 308084.290000 329840.090000 -731676.660000 305453.500000 327171.880000 -722026.260000 308285.280000
345905.872000 -648616.370000 -797453.620000 -0.133430 -0.405403 0.904348 5
344402.280000 -646625.730000 -799594.190000 348461.900000 -652769.380000 -799289.040000 341139.180000 -649874.460000 -793512.980000 346476.820000 -646633.040000 -799487.470000 349049.180000 -647179.240000 -795384.420000
252175.572500 558903.030000 -946194.562500 -0.719085 -0.547185 0.428375 4
260986.480000 564621.450000 -947843.640000 245368.100000 550458.080000 -945930.380000 257838.040000 562888.140000 -939284.920000 244509.670000 557644.450000 -951719.310000
-645595.188000 25211.266000 560849.490000 -0.429645 0.880011 0.202451 5
-643763.790000 42634.680000 574420.590000 -629956.930000 25974.110000 568799.270000 -652757.730000 3868.260000 552362.510000 -675240.940000 30610.610000 549777.180000 -626256.550000 22968.670000 558887.900000
-694387.365714 -830922.604286 -171416.627143 0.508809 0.279908 -0.814103 7
-640169.340000 -806769.270000 -189132.280000 -693411.690000 -811952.720000 -159605.920000 -640393.930000 -820999.670000 -169525.870000 -693215.030000 -900185.910000 -152737.690000 -741297.700000 -852589.380000 -169091.240000 -731627.540000 -812125.380000 -186646.790000 -720596.330000 -811835.900000 -173176.600000
345200.054286 -475949.465714 161052.308571 0.788292 -0.465908 -0.401902 7
338245.750000 -477022.940000 141050.340000 341069.560000 -485059.910000 159270.110000 336881.070000 -477593.590000 143224.550000 359950.510000 -475861.820000 175674.970000 340182.660000 -481403.590000 166754.690000 352383.340000 -449655.360000 174491.220000 347687.490000 -485049.050000 166900.280000
-698239.492000 61144.016000 -22684.360000 0.699618 0.110875 0.705862 5
-715159.200000 67332.490000 -37541.290000 -691524.240000 45162.600000 -9961.940000 -682999.810000 70371.670000 -18192.760000 -714661.400000 47723.620000 -33321.750000 -686852.810000 75129.700000 -14404.060000
-328749.128333 -291402.036667 106002.628333 0.484244 -0.540628 0.687916 6
-320576.430000 -294891.880000 119219.290000 -341464.690000 -305420.670000 112317.890000 -346721.920000 -286070.840000 108039.530000 -351906.610000 -294091.260000 99339.840000 -301875.840000 -292511.780000 99995.990000 -309949.280000 -275425.790000 97103.230000
