-786426.61 -791.1 211746.37 -236336.98 281528.9 -41283.56 30
-511912.001667 -999050.863333 379300.510000 0.519899 -0.805166 -0.285329 6
-513018.470000 -996930.140000 379753.580000 -512802.180000 -1000516.730000 378341.700000 -510379.510000 -996942.460000 379254.690000 -513161.250000 -998753.950000 377876.520000 -510167.810000 -999903.430000 381397.460000 -511942.790000 -1001258.470000 379179.110000
922850.356000 641404.280000 412599.740000 0.734601 0.348393 0.582222 5
928354.620000 635030.000000 412365.540000 926629.180000 643420.620000 432925.890000 927883.590000 634361.630000 413388.260000 927339.710000 641130.600000 403284.870000 904044.680000 653078.550000 401034.140000
489449.660000 -269595.701429 928833.771429 -0.008716 0.677428 0.735537 7
487354.750000 -244905.630000 945121.600000 480363.800000 -275086.680000 946461.810000 500203.620000 -270979.730000 914812.250000 495685.370000 -266546.250000 911964.070000 490225.400000 -282569.700000 941032.840000 497730.840000 -272410.190000 914572.940000 474583.840000 -274671.730000 927870.890000
-589376.380000 69925.638333 64446.368333 -0.784093 0.149968 0.602253 6
-571892.240000 28788.480000 72217.480000 -573054.070000 123302.640000 91573.230000 -621828.580000 119691.200000 60726.420000 -636022.370000 82931.900000 42810.340000 -572855.420000 26352.670000 35042.420000 -560605.600000 38486.940000 84308.320000
432610.934000 285621.504000 368358.164000 -0.095081 0.908988 -0.405833 5
439846.110000 326561.240000 369990.070000 418338.720000 253714.660000 406836.780000 464317.830000 287039.330000 336928.140000 407966.990000 242117.470000 393735.910000 432585.020000 318674.820000 334299.920000
-464090.827500 -518418.252500 -335414.972500 -0.838335 -0.425338 -0.341003 4
-444471.720000 -510314.050000 -345084.580000 -486701.300000 -531433.380000 -319329.670000 -444169.730000 -520129.370000 -355446.340000 -481020.560000 -511796.210000 -321799.300000
664844.336250 -119781.380000 628052.221250 0.958012 -0.149721 0.244533 8
674201.680000 -118504.160000 621284.690000 649760.680000 -125518.150000 620530.890000 651175.670000 -117648.380000 640406.440000 672894.040000 -134954.690000 623872.220000 655720.210000 -112269.110000 622391.270000 669389.630000 -110085.430000 633641.260000 672572.440000 -118319.600000 619660.970000 673040.340000 -120951.520000 642630.030000
-168896.537143 290559.912857 417911.038571 -0.837340 0.027959 -0.545968 7
-169737.100000 290798.840000 417440.690000 -168693.030000 289553.050000 417831.420000 -169949.120000 291721.350000 418639.400000 -168765.600000 291857.780000 417232.980000 -169089.420000 289829.550000 419444.090000 -168297.550000 290106.220000 417226.390000 -167743.940000 290052.600000 417562.300000
-426564.908333 -845261.210000 956118.906667 0.738768 -0.660006 0.136433 6
-427860.450000 -889333.850000 971473.500000 -428914.650000 -813562.130000 975264.180000 -439918.300000 -790907.710000 954038.030000 -421131.980000 -822411.780000 973295.580000 -419568.440000 -872949.150000 891880.410000 -421995.630000 -882402.640000 970761.740000
-899092.924000 -484541.978000 517393.338000 -0.804666 0.368252 -0.465728 5
-918893.280000 -505369.310000 521664.240000 -903647.210000 -466473.210000 528217.570000 -913360.080000 -512710.930000 515899.450000 -888345.100000 -458134.700000 512251.000000 -871218.950000 -480021.740000 508934.430000
-59035.634000 -100497.742000 97126.868000 -0.628362 -0.775039 -0.066902 5
-60047.380000 -101143.200000 95721.270000 -57368.250000 -100747.980000 97020.140000 -60585.250000 -100250.460000 98740.920000 -57711.240000 -99258.120000 95468.480000 -59466.050000 -101088.950000 98683.530000
-539180.748333 -499101.631667 683886.468333 -0.207064 -0.429807 0.878857 6
-531362.460000 -489461.090000 677605.930000 -541028.490000 -489617.520000 688990.830000 -531964.870000 -506922.220000 674783.930000 -545922.480000 -491541.360000 690481.210000 -537670.800000 -506011.590000 687269.790000 -547135.390000 -511056.010000 684187.120000
-13623.405714 770104.654286 -253701.568571 -0.957509 -0.272076 0.095657 7
33361.260000 768064.040000 -198531.210000 12278.520000 734077.950000 -273346.910000 -69187.530000 776773.420000 -220762.680000 -45393.010000 743741.040000 -211445.180000 15930.210000 752131.430000 -291445.690000 -46364.620000 780732.050000 -295964.810000 4011.330000 835212.650000 -284414.500000
604679.027143 483245.307143 -694143.914286 -0.195659 -0.940668 -0.277238 7
604867.690000 477169.600000 -696717.810000 602636.590000 485258.810000 -694425.020000 603064.470000 485377.050000 -693725.850000 607490.840000 484170.580000 -690599.520000 606714.310000 481129.160000 -690743.520000 605570.280000 487208.360000 -692964.820000 602409.010000 482403.590000 -699830.860000
-959614.983333 -146940.463333 -651137.343333 0.952536 0.293521 0.080751 6
-955885.770000 -151215.910000 -680217.620000 -954197.670000 -131515.170000 -668792.410000 -962384.290000 -149016.930000 -630577.610000 -939403.620000 -139453.380000 -652506.100000 -973087.420000 -143056.530000 -635206.910000 -972731.130000 -167384.860000 -639523.410000
438304.450000 323813.102500 617428.415000 -0.413967 0.908859 0.051057 4
426943.500000 350029.730000 629435.620000 447575.360000 297578.270000 627796.710000 464967.250000 303579.310000 596374.980000 413731.690000 344065.100000 616106.350000
733831.166000 -170789.898000 73910.744000 0.737452 0.648526 0.188624 5
737402.780000 -175510.800000 72033.120000 731725.250000 -172429.110000 77540.130000 734692.410000 -173715.570000 69961.780000 732749.150000 -166437.670000 77767.870000 732586.240000 -165856.340000 72250.820000
-763444.182500 504204.640000 -22037.747500 0.802667 0.160454 -0.574439 4
-752548.310000 496154.210000 -29982.580000 -767915.850000 509648.650000 -29773.740000 -762496.380000 512437.440000 -6028.460000 -770816.190000 498578.260000 -22366.210000
-45794.382500 -727473.570000 -372506.227500 0.556770 0.721453 0.411720 4
-55850.770000 -734447.580000 -373063.240000 -36600.570000 -720217.550000 -366264.390000 -43746.830000 -714296.590000 -367903.390000 -46979.360000 -740932.560000 -382793.890000
-709436.402000 -234513.540000 763563.030000 -0.453557 0.770225 0.448374 5
-731842.120000 -291334.100000 759191.230000 -742918.530000 -232048.330000 752838.590000 -685384.440000 -216764.840000 737612.860000 -674920.430000 -225116.820000 794307.640000 -712116.490000 -207303.610000 773864.830000
419175.796000 -855788.158000 -2438.770000 -0.723719 0.394725 -0.566060 5
419011.750000 -856006.650000 -2162.780000 419485.070000 -855641.100000 -2685.090000 418906.040000 -855927.400000 -2248.190000 419011.600000 -855699.330000 -2796.320000 419464.520000 -855666.310000 -2301.470000
649252.033750 904501.213750 171855.367500 0.515165 -0.796411 -0.316756 8
652754.070000 906219.760000 171473.770000 649406.810000 903120.960000 175685.160000 650477.260000 902102.570000 174674.370000 651383.250000 907513.690000 169974.740000 647272.090000 904465.630000 167963.360000 646359.990000 901989.120000 169876.400000 648784.870000 902351.370000 175303.970000 647577.930000 908246.610000 169891.170000
-181877.540000 224332.888571 -741548.230000 -0.687537 -0.243728 -0.684025 7
-212307.790000 219513.720000 -796995.390000 -136403.790000 259444.600000 -706358.870000 -181117.860000 289247.660000 -768232.410000 -196274.930000 221917.790000 -703306.290000 -141121.400000 192567.890000 -707213.990000 -201936.170000 196064.250000 -718523.180000 -203980.840000 191574.310000 -790207.480000
129404.513750 -821627.037500 816876.811250 0.682837 -0.238482 0.690551 8
142921.130000 -806070.240000 851652.040000 140197.550000 -848479.490000 782954.190000 106015.690000 -778216.200000 846609.910000 105633.470000 -867267.090000 809320.110000 158399.500000 -822183.170000 789789.740000 97286.430000 -786172.370000 851392.540000 123344.390000 -853754.680000 778051.350000 161437.950000 -810873.060000 825244.610000
82125.330000 442167.414286 -255522.121429 -0.640298 -0.621209 -0.451794 7
84892.200000 444753.660000 -246720.740000 81628.610000 449861.450000 -249393.000000 89042.660000 436956.240000 -256836.470000 81145.290000 435283.270000 -250525.040000 80275.050000 446989.890000 -263179.010000 78245.980000 435496.640000 -258511.130000 79647.520000 445830.750000 -263489.460000
233783.908000 -16649.252000 564064.892000 -0.429467 -0.694968 -0.576695 5
229609.970000 -49009.850000 590214.470000 241705.650000 624.290000 512961.260000 218768.760000 -26903.340000 586869.700000 215282.250000 4140.470000 553809.500000 263552.910000 -12097.830000 576469.530000
-922681.656000 460839.048000 -632871.276000 -0.752762 0.647811 0.117002 5
-920427.110000 461940.020000 -633960.550000 -919987.960000 462756.100000 -633453.200000 -919309.200000 459125.650000 -629393.730000 -927172.670000 461149.540000 -633943.270000 -926511.340000 459223.930000 -633605.630000
-643339.602500 958977.062500 10810.627500 0.613199 0.583553 -0.532403 4
-651011.210000 957667.160000 18858.400000 -641660.450000 956500.770000 2353.220000 -639574.390000 959154.690000 12640.750000 -641112.360000 962585.630000 9390.140000
444835.762857 -440346.407143 665389.980000 -0.452749 0.671897 0.586151 7
444028.140000 -442346.430000 663832.180000 444302.340000 -439620.360000 666966.180000 445926.920000 -440060.840000 663560.160000 443947.610000 -439695.780000 666910.090000 446174.460000 -440824.100000 666673.290000 445860.090000 -439562.180000 666485.160000 443610.780000 -440315.160000 663302.800000
428383.437500 230687.060000 451844.792500 -0.891692 -0.402663 -0.206757 4
420358.890000 226737.620000 457461.650000 431246.170000 231307.130000 448687.820000 432911.420000 230027.010000 449652.450000 429017.270000 234676.480000 451577.250000
