-645970.99 -825731.16 802536.04 -5964.49 -116484.67 -361356.55 30
364471.765000 603602.028750 -565204.507500 0.383486 -0.799792 0.461812 8
364538.550000 593969.010000 -570376.490000 344483.600000 605160.310000 -548825.330000 373283.300000 595793.570000 -568615.790000 348560.000000 624107.900000 -584575.680000 369120.980000 595589.910000 -572531.220000 362135.210000 595742.990000 -550060.600000 378001.420000 612624.710000 -582914.610000 375651.060000 605827.830000 -543736.340000
-492717.697500 -103436.558750 -461034.530000 0.664733 -0.699062 -0.263519 8
-491156.210000 -103948.450000 -463112.900000 -494487.230000 -101750.340000 -460185.990000 -490799.950000 -102503.570000 -459684.920000 -492052.490000 -105893.110000 -462775.030000 -492407.180000 -101259.540000 -461506.670000 -495111.230000 -104180.590000 -459156.350000 -490768.490000 -102436.380000 -459833.120000 -494958.800000 -105520.490000 -462021.260000
-251787.743750 -293371.485000 978851.936250 -0.375820 -0.575268 -0.726517 8
-247234.260000 -289761.840000 977482.860000 -248349.960000 -291332.500000 992134.640000 -253043.620000 -297654.200000 972766.530000 -246331.570000 -299369.110000 976324.060000 -246517.390000 -293904.480000 975737.370000 -248337.850000 -286519.260000 982537.580000 -261117.040000 -292544.000000 975999.310000 -263370.260000 -295886.490000 977833.140000
475545.911429 -843779.857143 526062.298571 0.162011 -0.950718 -0.264363 7
491190.350000 -833822.250000 538084.070000 462190.780000 -868518.320000 498501.790000 477486.030000 -824544.390000 504575.560000 463643.790000 -844293.080000 551283.020000 457977.560000 -877827.350000 520664.890000 489295.460000 -832479.100000 539023.430000 487037.410000 -824974.510000 530303.330000
738918.302500 -737219.545000 712591.031250 0.318779 -0.569045 0.758002 8
749265.860000 -717792.600000 738297.360000 728283.210000 -728297.660000 685029.660000 706501.940000 -753556.510000 715266.340000 714749.680000 -708806.010000 724056.980000 743552.110000 -757195.800000 696161.820000 759875.010000 -718415.200000 722211.930000 753622.260000 -758870.310000 713597.620000 755496.350000 -754822.270000 706106.540000
-639071.128000 675748.300000 174665.174000 -0.431578 -0.046932 0.900854 5
-609840.280000 675824.660000 210273.950000 -607040.560000 656101.160000 167013.930000 -694713.690000 679086.540000 157024.560000 -645584.830000 651391.520000 210062.660000 -638176.280000 716337.620000 128950.770000
-646942.908000 18563.968000 -442824.218000 0.725800 0.171121 -0.666282 5
-647396.800000 18172.220000 -442876.170000 -647198.420000 18713.210000 -442389.130000 -646410.910000 19054.190000 -442820.610000 -646418.820000 18272.240000 -442556.180000 -647289.590000 18607.980000 -443479.000000
832491.860000 -529848.148571 -732809.341429 0.464067 0.306284 -0.831163 7
878605.120000 -562439.660000 -685028.570000 826108.940000 -554368.890000 -803615.930000 886092.160000 -478153.680000 -713424.320000 887586.360000 -499215.530000 -689888.300000 782192.950000 -550296.170000 -788007.860000 773022.510000 -476539.380000 -747871.360000 793834.980000 -587923.730000 -701829.050000
-426762.322000 -635636.344000 -884438.882000 -0.663580 -0.010285 -0.748034 5
-427719.060000 -677028.400000 -892815.340000 -427065.090000 -663459.740000 -870691.030000 -423516.380000 -605252.240000 -913710.650000 -438830.240000 -612667.770000 -872001.310000 -416680.840000 -619773.570000 -872976.080000
962625.702500 -969609.820000 -746653.145000 -0.317208 -0.427496 -0.846538 4
959828.430000 -971416.230000 -754575.810000 960086.740000 -975398.980000 -739001.690000 975087.430000 -969546.340000 -753050.060000 955500.210000 -962077.730000 -739985.020000
33492.167500 -791546.532500 -943943.587500 -0.733797 0.215535 -0.644272 4
39165.370000 -790374.990000 -944473.270000 36428.560000 -785541.000000 -943151.740000 21984.680000 -802562.270000 -943017.010000 36390.060000 -787707.870000 -945132.330000
449058.951667 875454.191667 -954546.533333 0.302132 0.806865 -0.507626 6
450682.990000 876405.370000 -957509.280000 448512.610000 873313.910000 -952987.840000 451878.820000 873923.020000 -956329.490000 447422.810000 876398.480000 -953683.790000 448174.780000 875951.300000 -952969.070000 447681.700000 876733.070000 -953799.730000
-422555.861429 -530040.141429 986747.615714 0.622789 0.042834 0.781217 7
-422317.210000 -533641.340000 990795.560000 -424666.980000 -527811.190000 982485.340000 -425110.490000 -531959.630000 981187.550000 -418193.990000 -529564.100000 985476.650000 -421678.210000 -526787.160000 988234.970000 -425068.750000 -533279.450000 990621.610000 -420855.400000 -527238.120000 988431.630000
-694990.148750 794911.576250 269760.322500 0.019575 0.133065 -0.990914 8
-703119.500000 805983.870000 267545.710000 -689626.230000 789718.200000 272117.170000 -694639.810000 803916.470000 265143.960000 -691867.780000 789265.280000 276510.660000 -692758.530000 790812.740000 261411.320000 -690296.480000 788506.410000 272316.470000 -705340.110000 805308.350000 271805.930000 -692272.750000 785781.290000 271231.360000
487585.913333 -82807.336667 -964251.918333 0.214734 -0.544163 -0.811034 6
489923.570000 -96229.330000 -976611.730000 501525.190000 -76423.840000 -964555.290000 493582.760000 -74651.320000 -952055.670000 473741.090000 -89496.970000 -973731.480000 483091.500000 -70597.020000 -971266.450000 483651.370000 -89445.540000 -947290.890000
458684.040000 715568.170000 830290.765000 -0.394131 -0.384187 0.834902 4
455584.540000 718456.440000 835854.340000 471072.570000 706510.250000 814826.150000 457085.990000 716676.600000 836772.950000 450993.060000 720629.390000 833709.620000
-610878.080000 873922.914000 200793.610000 0.678144 0.137246 0.722000 5
-615625.540000 872204.250000 201864.030000 -612899.190000 876556.390000 198329.510000 -610380.110000 869672.120000 203903.830000 -607104.360000 874209.290000 199156.470000 -608381.200000 876972.520000 200714.210000
-139996.282857 -897804.890000 107790.734286 -0.591158 0.515489 -0.620325 7
-134161.680000 -883966.240000 110132.800000 -146912.970000 -899660.230000 98439.100000 -142539.550000 -890802.100000 118532.920000 -144858.470000 -898755.520000 96444.520000 -143224.440000 -908363.070000 114100.050000 -124311.210000 -896797.190000 100770.620000 -143965.660000 -906289.880000 116115.130000
856839.060000 966568.312857 -128703.504286 0.439458 -0.696689 -0.567011 7
851819.950000 966724.020000 -108933.600000 853023.450000 959298.000000 -151137.140000 844036.950000 977550.550000 -122527.690000 859264.600000 956810.320000 -153244.060000 853318.040000 972889.080000 -108537.040000 852440.050000 981005.070000 -113037.250000 883970.380000 951701.150000 -143507.750000
-604852.837500 912721.786250 475525.110000 0.663003 0.654156 -0.364015 8
-636748.910000 864068.310000 483557.610000 -643801.660000 946995.990000 491383.800000 -659908.810000 896582.450000 485694.830000 -565570.700000 870386.230000 451066.160000 -627800.370000 948118.330000 502791.430000 -568201.850000 922536.650000 418778.790000 -586230.010000 927332.390000 514053.750000 -550560.390000 925753.940000 456874.510000
338667.030000 365104.454000 697557.686000 -0.645193 -0.568992 -0.509877 5
338772.510000 365172.530000 697503.720000 338569.270000 365044.340000 697459.770000 338725.020000 365230.530000 697561.170000 338710.220000 365070.500000 697683.920000 338558.130000 365004.370000 697579.850000
-563557.380000 697945.215714 -835392.232857 0.190513 -0.157785 -0.968921 7
-555958.250000 680489.060000 -852076.550000 -545522.480000 693999.340000 -829089.320000 -581442.340000 678755.080000 -864486.390000 -562580.700000 727443.500000 -811144.480000 -578159.780000 746362.840000 -844646.640000 -558907.660000 680773.850000 -822517.230000 -562330.450000 677792.840000 -823785.020000
-47134.623333 563619.083333 792037.390000 -0.420787 0.736695 0.529357 6
-40726.450000 564331.130000 793979.600000 -39023.970000 557542.980000 805251.610000 -52567.310000 564615.070000 787275.330000 -51868.070000 564869.670000 787429.840000 -46717.490000 562418.950000 786020.030000 -51904.450000 567936.700000 792267.930000
-803936.001667 -577150.770000 588679.445000 0.233736 0.654159 0.719336 6
-796005.370000 -590919.280000 569642.840000 -808957.530000 -572342.110000 594357.840000 -815563.240000 -571623.940000 587344.870000 -792259.750000 -572616.130000 589176.980000 -811270.470000 -583136.510000 596949.140000 -799559.650000 -572266.650000 594605.000000
-880112.923333 177378.311667 -699342.068333 -0.836246 0.488696 -0.248734 6
-874919.660000 240457.310000 -713770.710000 -849821.460000 223862.380000 -729081.910000 -846698.470000 141689.920000 -656592.280000 -884854.850000 216922.710000 -647555.380000 -939962.580000 126406.100000 -709803.920000 -884420.520000 114931.450000 -739248.210000
635706.406000 92036.540000 -124535.870000 -0.490142 -0.224478 -0.842241 5
636970.600000 94039.270000 -125862.240000 634474.720000 90520.430000 -123421.330000 635930.900000 89841.630000 -124130.430000 636879.760000 92346.250000 -126581.500000 634276.050000 93435.120000 -122683.850000
-443564.557500 499199.230000 -929204.641250 -0.255776 0.152686 0.954602 8
-408739.850000 534720.920000 -917294.850000 -399475.180000 505862.080000 -949903.860000 -476953.380000 475689.280000 -949574.580000 -411004.690000 469385.980000 -892756.670000 -464057.490000 532379.890000 -897555.650000 -475658.240000 480817.680000 -954366.700000 -480904.210000 471232.660000 -908350.940000 -431723.420000 523505.350000 -963833.880000
923772.395000 -641278.005000 -571927.351667 -0.007576 0.287090 -0.957874 6
924110.850000 -638093.880000 -568328.140000 929539.100000 -642965.630000 -565531.690000 922016.730000 -643116.540000 -577363.880000 924328.550000 -639363.810000 -575870.380000 923872.940000 -640238.900000 -576602.370000 918766.200000 -643889.270000 -567867.650000
-731152.970000 269990.347143 871410.078571 0.877373 0.349517 -0.328718 7
-733270.440000 293053.910000 862794.650000 -756318.020000 270130.660000 891690.770000 -707969.580000 253626.680000 875431.610000 -733940.820000 287045.310000 859776.330000 -750582.910000 256863.550000 889137.840000 -713159.850000 268487.540000 860322.270000 -722829.170000 260724.780000 860717.080000
-964625.220000 -130649.925000 371732.173333 0.947623 0.278164 -0.156957 6
-965572.990000 -131100.090000 371729.240000 -964437.120000 -129874.040000 371733.060000 -963704.390000 -130482.640000 371621.580000 -963792.110000 -131316.690000 371488.840000 -965440.710000 -130991.730000 371305.380000 -964804.000000 -130134.360000 372514.940000
