-868580.69 594545.93 503200.79 -181255.99 -858362.81 -894472.91 30
-22804.986250 58026.726250 -70120.286250 -0.455990 0.668765 0.587219 8
-11987.840000 48001.300000 -62100.580000 -31288.300000 47244.750000 -57924.350000 -28356.850000 64916.310000 -55339.440000 -11537.900000 64892.350000 -84251.850000 -31203.090000 58619.050000 -90512.780000 -15956.510000 69833.680000 -60893.000000 -15711.950000 41474.060000 -67735.480000 -36397.450000 69232.310000 -82204.810000
590128.625000 375434.310000 106738.715000 -0.750649 -0.032882 0.659883 4
572962.900000 381169.330000 89385.730000 573682.370000 372192.580000 111019.180000 595063.780000 360453.530000 119515.700000 618805.450000 387921.800000 107034.250000
-596853.151667 100200.168333 -174232.760000 -0.724528 0.472705 -0.501606 6
-592920.800000 101129.740000 -175510.270000 -597320.640000 101154.110000 -166028.340000 -601045.300000 97484.030000 -177000.480000 -599267.270000 104289.400000 -178723.520000 -594432.670000 97548.370000 -169977.020000 -596132.230000 99595.360000 -178156.930000
-108079.095000 13176.525000 427113.247500 -0.492418 -0.262476 0.829838 4
-115001.500000 1754.630000 419446.720000 -120220.390000 17920.630000 432472.710000 -93621.230000 13530.220000 440065.250000 -103473.260000 19500.620000 416468.310000
256766.958750 -988892.678750 -109154.740000 -0.637165 0.392114 -0.663526 8
265893.680000 -1002684.950000 -105375.030000 261786.320000 -979549.460000 -127033.510000 267562.350000 -976220.740000 -116269.430000 234522.350000 -976980.770000 -124762.930000 257104.040000 -990716.800000 -88513.850000 257350.480000 -1005345.510000 -97341.710000 252493.960000 -1010269.520000 -114781.360000 257422.490000 -969373.680000 -99160.100000
652879.872000 -748443.168000 553120.498000 -0.630299 0.511000 -0.584467 5
647071.620000 -743257.110000 549377.900000 650135.640000 -748008.400000 546613.790000 658935.650000 -746191.700000 549998.510000 654162.370000 -755037.620000 557130.130000 654094.080000 -749721.010000 562482.160000
-71386.426000 -647203.774000 -705470.676000 -0.886683 -0.058283 0.458690 5
-73301.860000 -642470.000000 -707827.860000 -73809.280000 -649135.060000 -707022.400000 -72407.290000 -649569.960000 -707703.470000 -69594.280000 -648155.880000 -702104.220000 -67819.420000 -646687.970000 -702695.430000
148764.028000 -305387.194000 813513.052000 -0.586546 -0.419424 0.692854 5
141784.050000 -308590.370000 807400.110000 146722.690000 -309310.840000 806469.590000 154253.160000 -294473.200000 823339.640000 146475.510000 -309476.720000 806660.720000 154584.730000 -305084.840000 823695.200000
300745.742000 580046.702000 -435336.508000 0.616589 0.225070 0.754428 5
299965.000000 579565.110000 -437759.740000 300623.840000 581544.460000 -433086.460000 302236.060000 580085.520000 -433215.450000 298522.750000 579843.410000 -435222.490000 302381.060000 579195.010000 -437398.400000
-896048.715000 -589477.443750 994438.171250 -0.617202 0.249608 0.746162 8
-881987.140000 -580014.490000 969348.560000 -908868.110000 -584162.330000 1004468.350000 -903023.980000 -585746.190000 1010560.700000 -904494.980000 -610589.340000 1011276.290000 -909813.170000 -619594.690000 995823.970000 -910316.620000 -578980.870000 986518.590000 -881132.130000 -573886.850000 997858.630000 -868753.590000 -582844.790000 979650.280000
392818.851667 -377429.601667 851370.115000 -0.718783 -0.055051 -0.693051 6
393791.110000 -379089.540000 854196.290000 396281.640000 -378116.230000 851319.970000 391592.670000 -379824.170000 852248.720000 390284.150000 -374794.430000 850379.490000 392744.410000 -379418.460000 849539.530000 392219.130000 -373334.780000 850536.690000
437222.406667 807124.131667 430474.170000 -0.152308 -0.790751 -0.592887 6
415734.860000 805795.500000 445107.070000 453052.100000 782351.830000 412244.100000 461864.760000 793674.510000 399934.420000 425321.420000 796966.390000 407675.310000 443249.820000 820313.530000 470069.660000 424111.480000 843643.030000 447814.460000
-853088.440000 489490.205000 -439892.852500 0.042912 0.625343 0.779170 4
-855276.260000 498823.490000 -445646.560000 -848004.790000 485695.270000 -435434.200000 -853950.230000 484310.920000 -441882.180000 -855122.480000 489131.140000 -436608.470000
-218969.467500 185912.860000 558908.512500 0.692543 0.700521 0.172204 4
-204783.510000 133239.420000 558195.150000 -239710.560000 127402.460000 562051.050000 -197693.400000 211784.710000 515464.880000 -233690.400000 271224.850000 599922.970000
-75632.476250 -793241.096250 499237.953750 0.788316 0.436636 -0.433483 8
-76640.500000 -789425.140000 498313.650000 -76126.490000 -795372.060000 501189.830000 -76819.730000 -790452.700000 500076.050000 -78702.540000 -794793.760000 494334.920000 -74705.500000 -793519.710000 501528.630000 -72987.930000 -795763.770000 500021.830000 -74560.180000 -797046.450000 499716.960000 -74516.940000 -789555.180000 498721.760000
664180.247143 -971937.645714 220193.200000 -0.548435 -0.639702 0.538517 7
674081.890000 -959952.410000 219349.540000 652051.890000 -979628.830000 233827.740000 650076.300000 -987388.730000 224655.910000 673571.040000 -966280.290000 231482.540000 674601.280000 -962617.910000 226626.760000 671269.770000 -975229.140000 202802.630000 653609.560000 -972466.210000 202607.280000
939042.958333 -521327.883333 920825.710000 -0.066754 0.826559 -0.558877 6
938482.480000 -520423.970000 921171.520000 938517.280000 -521650.750000 922053.140000 939517.400000 -519812.670000 919108.620000 940506.490000 -520443.630000 922637.520000 938156.720000 -522455.740000 921275.790000 939077.380000 -523180.540000 918707.670000
-932732.553333 -904075.083333 -581742.388333 -0.722166 0.597963 -0.347730 6
-924962.940000 -901092.290000 -585605.860000 -936996.370000 -906618.220000 -574409.260000 -935724.720000 -901238.770000 -573732.080000 -941328.150000 -905204.730000 -587402.870000 -925007.280000 -900857.900000 -579552.880000 -932375.860000 -909438.590000 -589751.380000
-413883.315000 317197.667500 -560424.215000 -0.323648 0.046725 0.945023 4
-417069.350000 314685.200000 -567043.780000 -412744.580000 314543.960000 -553722.490000 -411705.940000 320126.400000 -559476.180000 -414013.390000 319435.110000 -561454.410000
-996605.732000 856921.906000 401042.764000 0.368997 0.432268 -0.822791 5
-996532.550000 856325.000000 401451.610000 -996779.210000 856674.960000 400519.860000 -997031.070000 856887.590000 401501.560000 -996628.910000 857346.410000 400626.280000 -996056.920000 857375.570000 401114.510000
715366.793750 -56678.697500 797728.553750 -0.378398 0.166536 0.910539 8
718656.290000 -58464.160000 789879.900000 725708.980000 -58280.990000 794594.140000 708974.480000 -50635.560000 797576.640000 710672.570000 -60971.070000 791165.320000 713197.420000 -52057.750000 792400.330000 721286.580000 -53208.870000 792545.260000 714304.440000 -61509.590000 812479.800000 710133.590000 -58301.590000 811187.040000
-724113.660000 4592.713750 675252.090000 -0.211084 0.926471 -0.311602 8
-725933.930000 7028.710000 676329.530000 -726460.320000 6584.220000 674721.730000 -726305.330000 6190.170000 677376.410000 -721620.810000 2112.040000 673223.970000 -723867.860000 1871.290000 678639.370000 -720428.180000 5327.390000 674989.950000 -726687.600000 5460.560000 673540.420000 -721605.250000 2167.330000 673195.340000
272603.072000 624093.816000 -36218.914000 -0.334150 0.373707 0.865267 5
278425.580000 626260.870000 -34314.150000 274688.730000 628138.600000 -34914.910000 267525.550000 615956.700000 -32461.840000 264173.900000 623490.340000 -44852.920000 278201.600000 626622.570000 -34550.750000
532471.682500 100255.535000 -490469.857500 0.578446 0.776039 0.251323 4
552492.740000 54069.950000 -486197.200000 552176.870000 110693.850000 -461127.870000 493979.140000 129447.620000 -478055.070000 531237.980000 106810.720000 -536499.290000
-391704.440000 688022.792500 -152949.412500 -0.423326 -0.869107 -0.255828 4
-389567.630000 685949.410000 -153740.340000 -390307.390000 687608.280000 -154693.020000 -394173.880000 688051.170000 -150598.650000 -392768.860000 690482.310000 -152765.640000
230925.473333 -469975.801667 487755.060000 -0.486692 0.547687 0.680566 6
230440.600000 -471260.440000 490857.240000 233754.240000 -469668.430000 486917.110000 233449.760000 -470601.340000 489380.600000 228174.260000 -471579.360000 487559.640000 229462.360000 -470557.180000 485180.500000 230271.620000 -466188.060000 486635.270000
203123.235000 -19766.383333 -333042.933333 0.715735 0.698293 -0.010461 6
217710.500000 -30630.540000 -300601.560000 205825.150000 -49879.470000 -358808.140000 228729.330000 437.770000 -334388.240000 184165.980000 -11551.090000 -303026.630000 182619.100000 -38745.650000 -360917.430000 199689.350000 11770.680000 -340515.600000
6319.991667 880686.106667 620602.431667 0.266964 0.798884 -0.538995 6
6188.650000 881149.700000 617921.580000 4777.000000 882834.570000 624453.500000 8319.890000 883970.150000 620403.390000 8840.980000 879356.430000 620002.830000 3999.940000 878421.160000 621420.630000 5793.490000 878384.630000 619412.660000
454493.526000 -979122.322000 -194484.014000 0.701322 -0.665480 0.255507 5
453508.040000 -979066.700000 -190076.850000 450625.510000 -974641.050000 -192484.710000 459920.510000 -980450.330000 -198469.780000 449870.760000 -979557.440000 -192074.810000 458542.810000 -981896.090000 -199313.920000
331112.800000 826934.010000 32617.702500 -0.199363 0.442892 0.874129 8
316131.450000 823499.930000 9031.000000 345277.970000 838025.620000 32362.660000 350059.930000 816608.570000 24918.620000 339839.280000 797524.450000 46815.600000 325238.290000 844199.540000 51007.360000 308443.160000 806803.830000 15447.590000 327815.850000 844129.150000 50628.680000 336096.470000 844680.990000 30730.110000
