-737424.98 -376435.51 407629.15 -342163.28 -48760.87 251586.52 30
39379.828571 -457145.314286 728854.507143 -0.678561 -0.656589 0.329311 7
37789.310000 -448452.660000 699704.180000 60552.260000 -466904.460000 703874.210000 48506.060000 -435380.150000 739391.510000 58831.410000 -445771.420000 746720.490000 42298.930000 -496059.320000 710036.530000 8130.300000 -462492.870000 750655.490000 19550.530000 -444956.320000 751599.140000
387145.934286 916002.701429 -276981.668571 0.700676 -0.484400 -0.523842 7
384623.330000 913784.030000 -266587.810000 400291.770000 909328.500000 -267854.540000 389215.590000 905377.790000 -268418.020000 380546.410000 933464.690000 -276152.520000 373822.800000 931170.600000 -283672.570000 405768.560000 904953.360000 -304105.450000 375753.080000 913939.940000 -272080.770000
279502.002000 -130479.634000 -678467.070000 0.145542 -0.925485 0.349707 5
279038.510000 -129834.620000 -678071.160000 279262.630000 -129845.430000 -677831.120000 279751.770000 -131660.590000 -679172.410000 280201.580000 -129781.690000 -677830.240000 279255.520000 -131275.840000 -679430.420000
-286995.884286 371966.587143 -817141.894286 0.766085 0.113025 0.632724 7
-298664.190000 381967.190000 -832882.130000 -312154.570000 379355.030000 -821581.220000 -286472.110000 358543.660000 -793491.470000 -274994.260000 366206.690000 -799680.410000 -296688.630000 387726.290000 -824603.220000 -270661.600000 364239.630000 -825833.550000 -269335.830000 365727.620000 -821921.260000
-86598.198333 -509224.466667 -539001.005000 -0.764880 0.470748 -0.439722 6
-93204.240000 -508727.890000 -539439.360000 -90154.210000 -505585.770000 -541211.020000 -91669.990000 -508238.970000 -542469.890000 -81604.500000 -513911.010000 -539682.130000 -81585.980000 -509172.200000 -535507.860000 -81370.270000 -509710.960000 -535695.770000
-840775.232857 968781.445714 126858.227143 0.070444 0.987161 0.143353 7
-841671.730000 971437.500000 118013.060000 -846930.250000 959890.330000 122894.160000 -837078.040000 978176.220000 122572.620000 -846452.590000 976706.910000 131971.830000 -842646.870000 957875.670000 139687.690000 -840843.210000 959626.690000 118694.180000 -829803.940000 977756.800000 134174.050000
716443.807500 200528.757500 973864.110000 0.658140 0.744793 -0.110158 4
712181.370000 200585.270000 975949.070000 724852.940000 202964.830000 971270.820000 716199.660000 198665.130000 972239.000000 712541.260000 199899.800000 975997.550000
987954.733333 453784.361667 198707.996667 -0.934063 0.084635 -0.346935 6
1012952.670000 455702.390000 189525.170000 959968.180000 466599.650000 231741.700000 990862.480000 469628.230000 186408.770000 1018548.730000 446626.930000 192660.690000 953786.700000 411644.460000 201326.380000 991609.640000 472504.510000 190585.270000
901446.172500 1002015.447500 456187.493750 0.382255 0.882677 0.273427 8
885732.670000 1001401.950000 458296.530000 890830.320000 982789.550000 455445.530000 889119.560000 1005214.600000 450562.960000 907738.410000 1011164.260000 459941.230000 913659.120000 1005741.960000 463159.430000 898269.590000 1006880.410000 469145.310000 914043.650000 998367.220000 445803.720000 912176.060000 1004563.630000 447145.240000
-90605.745714 -794180.042857 -610411.140000 -0.465397 0.540292 -0.701064 7
-106672.380000 -795190.910000 -603337.860000 -95698.780000 -804885.950000 -601029.120000 -76916.960000 -797953.140000 -609872.000000 -81084.350000 -793634.890000 -624421.610000 -82206.310000 -782244.240000 -619980.980000 -90576.920000 -806936.120000 -603459.080000 -101084.520000 -778415.050000 -610777.330000
-332143.760000 597203.864000 267074.250000 0.803897 -0.568857 -0.173644 5
-333845.310000 598918.730000 268037.860000 -332411.410000 597288.820000 265078.580000 -333434.610000 595911.830000 265487.470000 -329359.800000 594121.490000 268407.750000 -331667.670000 599778.450000 268359.590000
199617.576000 734602.274000 -332030.242000 0.183854 -0.570063 -0.800766 5
219809.410000 726802.690000 -350961.070000 202628.930000 756705.910000 -324885.290000 188668.890000 737700.430000 -311070.140000 206509.360000 717568.400000 -315449.580000 180471.290000 734233.940000 -357785.130000
-664223.502500 299508.552500 -551988.792500 0.195794 0.367857 -0.909036 4
-664474.330000 299611.300000 -552037.790000 -664006.720000 299529.710000 -551802.910000 -663927.720000 299440.110000 -552362.460000 -664485.240000 299453.090000 -551752.010000
-29473.790000 624705.710000 941745.995000 0.748275 -0.594342 0.294691 8
-16000.610000 693448.280000 960735.270000 -99077.420000 644775.600000 979211.510000 10818.070000 634199.250000 915118.960000 -83860.320000 587655.120000 938493.780000 0.670000 607217.340000 921038.370000 -6002.230000 606628.350000 904737.750000 -41503.570000 617467.560000 989179.440000 -164.910000 606254.180000 925452.880000
455331.820000 173528.650000 -533582.922000 0.558266 0.829170 -0.028551 5
457650.910000 178963.510000 -538067.930000 465124.310000 174057.100000 -529688.750000 443943.440000 170015.210000 -532752.990000 445943.270000 168840.110000 -534353.760000 463997.170000 175767.320000 -533051.180000
789152.830000 904785.716667 -461889.746667 -0.707465 0.559173 0.432225 6
790871.150000 906479.940000 -459805.880000 788001.060000 904586.990000 -463119.600000 788959.400000 906283.300000 -459800.320000 788463.820000 903424.090000 -461664.620000 790237.410000 903395.330000 -463378.810000 788384.140000 904544.650000 -463569.250000
-966450.721429 69889.631429 -413346.645714 -0.353228 -0.798477 -0.487508 7
-964243.780000 67756.290000 -416290.100000 -966617.490000 71061.050000 -410798.930000 -964235.010000 67439.360000 -412164.690000 -967307.680000 71962.140000 -411535.380000 -964941.860000 67549.830000 -416617.950000 -968590.670000 71779.580000 -412335.550000 -969218.560000 71679.170000 -413683.920000
-759785.945000 -720982.633333 -508864.125000 0.718120 -0.420947 -0.554172 6
-761389.190000 -728777.000000 -557015.320000 -743632.680000 -678356.670000 -511451.140000 -762263.740000 -733150.440000 -467412.580000 -766033.220000 -761878.140000 -484330.420000 -747780.510000 -697121.470000 -550619.990000 -777616.330000 -726612.080000 -482355.300000
932985.032500 882464.502500 -186669.867500 0.819136 0.462849 0.338802 4
920032.320000 886539.870000 -200649.610000 939726.210000 886645.200000 -177659.760000 924739.540000 880034.700000 -171617.150000 947442.060000 876638.240000 -196752.950000
218546.975714 -956718.972857 328383.902857 -0.907401 0.248756 0.338740 7
200103.380000 -958092.240000 301840.440000 237905.370000 -951430.810000 273358.930000 202424.040000 -974961.470000 346867.940000 200846.360000 -945779.640000 326597.400000 253855.320000 -917765.290000 325331.660000 212961.180000 -980552.280000 358362.360000 221733.180000 -968451.080000 366328.590000
-594732.856667 -700705.411667 -333188.456667 0.782984 -0.075452 0.617449 6
-594109.320000 -701213.250000 -332892.750000 -594127.720000 -700368.120000 -332648.950000 -594815.980000 -701566.850000 -333310.760000 -594973.110000 -700102.400000 -334145.180000 -595319.690000 -699921.720000 -333501.120000 -595051.320000 -701060.130000 -332631.980000
894567.790000 -662622.515000 473578.357500 0.526900 0.840095 -0.128909 4
895932.630000 -659871.540000 473865.750000 893659.960000 -663859.140000 474234.970000 896463.090000 -662692.730000 473956.480000 892215.480000 -664066.650000 472256.230000
-123283.968333 -498526.940000 -574316.558333 -0.450937 0.089379 0.888070 6
-95573.130000 -541028.910000 -636795.500000 -148124.960000 -537879.110000 -554856.000000 -141637.710000 -551508.100000 -572025.800000 -129471.230000 -444457.560000 -556579.910000 -92316.590000 -434169.900000 -602631.620000 -132580.190000 -482118.060000 -523010.520000
-925288.396667 -403173.586667 -511458.578333 0.815526 -0.578322 -0.021484 6
-922844.060000 -373725.790000 -513191.970000 -925216.650000 -378667.930000 -520575.080000 -924889.600000 -414572.570000 -513568.800000 -929520.770000 -422364.200000 -503370.500000 -922999.610000 -417777.110000 -499824.700000 -926259.690000 -411933.920000 -518220.420000
-527771.241667 61376.931667 652206.803333 0.839120 0.321402 0.438837 6
-526549.400000 62406.060000 653234.520000 -527122.240000 59539.860000 653337.900000 -528502.340000 59182.620000 652993.360000 -527779.090000 63687.820000 651524.490000 -526612.890000 63388.950000 651527.580000 -530061.490000 60056.280000 650622.970000
-665141.014000 561205.106000 938355.660000 -0.046895 0.694639 0.717828 5
-639658.680000 578228.930000 884278.800000 -705012.170000 483556.980000 982994.270000 -629201.980000 584525.940000 897750.780000 -631344.710000 597480.940000 950218.050000 -720487.530000 562232.740000 976536.400000
-966646.733750 910300.463750 739037.552500 0.261219 0.950749 0.166859 8
-952530.330000 913828.300000 730222.280000 -954479.870000 922240.000000 764564.860000 -976437.950000 940740.880000 763404.420000 -960451.960000 904463.180000 723497.280000 -981421.200000 899264.970000 719133.180000 -951596.620000 916501.520000 732025.500000 -957994.030000 890812.120000 748498.270000 -998261.910000 894552.740000 730954.630000
-995537.631667 -282557.538333 990429.920000 0.382076 -0.189376 -0.904519 6
-976176.760000 -309932.110000 1011104.260000 -1018531.450000 -260364.320000 979079.810000 -1016308.450000 -318464.520000 984214.890000 -967545.630000 -282618.150000 1013011.570000 -981485.290000 -256300.610000 1002635.560000 -1013178.210000 -267665.520000 952533.430000
-394491.258333 -916691.238333 853853.318333 -0.596169 0.475783 -0.646694 6
-397775.530000 -915852.950000 845914.790000 -395827.340000 -913772.610000 846369.500000 -395009.860000 -919438.780000 865858.820000 -394995.330000 -914052.470000 863694.370000 -390715.740000 -909495.820000 855736.660000 -392623.750000 -927534.800000 845545.770000
-177655.370000 704598.360000 -43654.212500 0.207179 -0.768743 0.605071 4
-168194.940000 731768.210000 -28611.940000 -188141.770000 665378.640000 -35901.060000 -192284.140000 693070.430000 -87507.700000 -162000.630000 728176.160000 -22596.150000
