-522266.19 943616.73 -694198.11 208511.3 678921.96 985023.15 30
620873.937500 207570.852500 -270314.790000 0.599166 -0.582115 0.549675 4
622117.790000 208617.250000 -274685.090000 622152.480000 203852.200000 -259160.910000 616991.320000 205841.560000 -272856.920000 622234.160000 211972.400000 -274556.240000
-525472.601429 -264549.820000 -505986.658571 0.635970 -0.649463 0.416822 7
-516949.380000 -261010.760000 -489006.500000 -535162.770000 -257061.470000 -504902.170000 -516658.810000 -277638.120000 -501353.730000 -532103.200000 -266078.810000 -513057.950000 -534760.940000 -267384.720000 -509992.280000 -528026.210000 -267708.260000 -515042.460000 -514646.900000 -254966.600000 -508551.520000
829271.036000 376957.708000 -196043.124000 -0.041492 -0.893367 -0.447409 5
828563.040000 371854.050000 -190844.390000 837831.830000 383386.780000 -196202.850000 829016.970000 375920.670000 -201126.680000 823614.240000 380784.080000 -194448.580000 827329.100000 372842.960000 -197593.120000
846564.481429 323721.365714 -779258.005714 0.400466 0.293427 -0.868059 7
862936.420000 313983.480000 -754886.810000 859967.100000 349265.090000 -786511.400000 865351.060000 314257.620000 -756484.230000 819333.570000 310820.690000 -798496.040000 832544.250000 310583.370000 -753924.160000 861985.320000 343177.500000 -798744.490000 823833.650000 323961.810000 -805758.910000
-555619.934286 202954.350000 -570258.688571 -0.359479 -0.183464 -0.914940 7
-564276.640000 193923.040000 -557938.690000 -560496.740000 233112.930000 -574087.330000 -547387.310000 218873.640000 -583659.230000 -557693.390000 192526.940000 -577912.130000 -548048.420000 196114.020000 -566773.890000 -551731.870000 193271.640000 -571458.640000 -559705.170000 192858.240000 -559980.910000
347771.728333 864099.608333 406067.925000 -0.416985 0.667375 -0.617037 6
345337.890000 866313.960000 404715.100000 350840.650000 864289.450000 405795.400000 349850.290000 867259.350000 408077.210000 346867.370000 862904.060000 404111.050000 347969.350000 861581.780000 408326.450000 345764.820000 862249.050000 405382.340000
-767743.607143 -853024.691429 378771.702857 0.632984 -0.186857 0.751276 7
-764021.950000 -852954.200000 378033.240000 -766541.550000 -855268.430000 382779.380000 -769971.620000 -857280.410000 379629.800000 -770960.820000 -851003.890000 380914.440000 -769642.870000 -852762.400000 375388.870000 -764694.330000 -851004.260000 378716.810000 -768372.110000 -850899.250000 375939.380000
-186680.272500 -993806.077500 -853968.530000 0.176121 0.184673 0.966890 4
-220578.490000 -960582.060000 -835524.750000 -212624.670000 -1018159.540000 -854059.190000 -162837.290000 -1017289.090000 -881288.730000 -150680.640000 -979193.620000 -845001.450000
371397.185000 -619998.732500 -468655.390000 -0.003494 -0.924290 -0.381675 4
359501.020000 -620400.620000 -465610.780000 383795.800000 -609009.760000 -468114.310000 364566.690000 -618108.100000 -479112.550000 377725.230000 -632476.450000 -461783.920000
654506.268000 243980.960000 742582.456000 -0.649632 -0.247476 0.718842 5
618811.560000 249473.260000 749147.170000 671118.340000 259462.840000 755937.730000 663369.430000 263803.550000 752528.790000 693089.540000 237016.120000 747133.420000 626142.470000 210149.030000 708165.170000
228602.747500 -481493.265000 655036.490000 0.766180 0.140087 0.627171 4
235791.670000 -482806.030000 659847.770000 223896.770000 -476320.010000 652530.320000 223968.490000 -476527.860000 654437.400000 230754.060000 -490319.160000 653330.470000
148168.508333 -32101.383333 -50610.333333 -0.136344 0.918547 -0.371054 6
141561.390000 -13521.780000 -40655.480000 141512.360000 -50611.650000 -48619.510000 169127.200000 -37238.930000 -59222.390000 139051.980000 -47359.920000 -43294.930000 133041.960000 -18135.940000 -43446.920000 164716.160000 -25740.080000 -68422.770000
-235558.018571 650304.507143 98581.290000 0.223170 0.879677 0.419956 7
-267446.970000 626940.940000 84836.160000 -211671.280000 690989.830000 127505.810000 -258335.390000 622106.370000 126820.140000 -209887.730000 697853.240000 88752.810000 -214532.430000 614706.290000 58071.950000 -246656.470000 604997.290000 117900.800000 -240375.860000 694537.590000 86181.360000
-377764.991667 554497.653333 167516.080000 0.824799 -0.165282 -0.540729 6
-364889.860000 562105.580000 206278.790000 -367118.210000 518104.680000 177041.440000 -396367.570000 541523.500000 146181.840000 -345149.200000 556641.890000 165793.570000 -397983.350000 571833.410000 153403.940000 -395081.760000 576776.860000 156396.900000
57480.302500 -386622.290000 150755.585000 -0.836111 0.421647 0.350901 4
60539.720000 -388055.570000 153701.780000 52672.310000 -385515.850000 153348.910000 58377.610000 -382015.490000 147709.040000 58331.570000 -390902.250000 148262.610000
371844.288750 134410.143750 580642.943750 0.518347 0.625212 0.583460 8
398119.510000 109084.430000 583347.930000 362750.690000 157220.780000 563779.540000 350359.530000 152133.130000 563927.410000 383114.460000 103416.060000 603976.630000 384051.670000 98658.900000 570496.850000 342936.180000 143080.800000 603222.690000 388175.680000 154879.510000 593710.320000 365246.590000 156807.540000 562682.180000
971702.585000 -544798.958333 905610.746667 -0.114965 0.513446 0.850386 6
965443.380000 -537112.760000 912453.000000 968934.060000 -534954.650000 905076.650000 977867.450000 -554065.690000 903806.550000 972300.540000 -555036.490000 914238.270000 979865.980000 -545599.970000 901720.910000 965804.100000 -542024.190000 896369.100000
-18665.195000 345440.630000 589647.857500 -0.873765 0.332343 -0.355081 4
-18393.070000 341032.210000 590042.500000 -23886.390000 341957.990000 584616.670000 -16344.910000 354536.680000 590869.450000 -16036.410000 344235.640000 593062.810000
-741773.650000 -891305.804286 -899939.110000 -0.543861 -0.364649 -0.755808 7
-721711.040000 -887265.790000 -898070.050000 -754865.810000 -903498.760000 -886162.720000 -751712.330000 -896646.850000 -912160.790000 -736479.680000 -875740.650000 -898794.340000 -750400.280000 -883640.440000 -908565.160000 -748840.390000 -886181.350000 -911553.530000 -728406.020000 -906166.790000 -884267.180000
317725.800000 -186098.942500 74342.277500 0.642449 -0.721137 0.259269 4
344477.930000 -193303.850000 109764.100000 304030.230000 -199976.740000 59785.500000 295515.740000 -166714.980000 82027.410000 326879.300000 -184400.200000 45792.100000
71496.392857 772216.242857 -224312.192857 -0.827072 0.380235 0.413973 7
64566.420000 795378.200000 -231547.760000 52142.270000 763438.500000 -235717.090000 92456.340000 784344.420000 -202790.760000 93577.090000 757785.020000 -236967.230000 91610.380000 752431.140000 -233395.780000 54714.360000 791273.910000 -221137.540000 51407.890000 760862.510000 -208629.190000
-72922.137500 -750902.120000 -174900.286250 -0.339277 0.908467 0.244089 8
-86257.060000 -783648.570000 -117376.170000 -46502.690000 -747313.930000 -110016.500000 -102927.240000 -710086.520000 -211805.480000 -36983.310000 -737246.770000 -210613.240000 -36268.610000 -780175.110000 -137075.410000 -102385.710000 -776981.540000 -210129.980000 -77165.840000 -687636.830000 -194786.340000 -94886.640000 -784127.690000 -207399.170000
-630978.766667 932047.300000 -114917.456667 0.332818 0.524276 0.783816 6
-622935.110000 916805.130000 -99710.720000 -616755.790000 916233.090000 -118115.000000 -630448.950000 961950.950000 -99553.560000 -619997.260000 941854.820000 -91952.740000 -643040.100000 916834.470000 -137597.070000 -652695.390000 938605.340000 -142575.650000
-172074.707500 422919.840000 307740.220000 0.393189 0.301848 0.868499 8
-171986.930000 422995.430000 307904.920000 -171980.290000 423013.430000 307886.310000 -171926.890000 422871.480000 307576.840000 -172225.560000 422869.050000 307620.270000 -171877.590000 422985.360000 307777.610000 -172258.690000 422892.410000 307691.220000 -172148.170000 422726.350000 307627.110000 -172193.540000 423005.210000 307837.480000
750557.340000 544043.780000 -642141.178333 -0.399313 0.652306 0.644241 6
747762.660000 545025.960000 -635817.230000 759742.610000 539702.350000 -650470.080000 743878.090000 549688.130000 -641590.310000 754877.700000 534830.440000 -637175.330000 754143.590000 549042.210000 -650306.570000 742939.390000 545973.590000 -637487.550000
-22483.320000 -14468.691250 -191299.318750 -0.702074 0.476341 -0.529331 8
-36535.190000 -21840.560000 -195842.480000 -12181.900000 5304.020000 -193980.700000 -29279.520000 -9572.740000 -200943.590000 -816.110000 -28222.430000 -203245.090000 -39265.460000 -6794.400000 -177751.150000 -33617.260000 -5911.490000 -194506.360000 3273.370000 -14964.740000 -202056.490000 -31444.490000 -33747.190000 -162068.690000
-543813.783750 647775.638750 388140.005000 -0.354355 -0.625319 -0.695276 8
-539799.540000 630149.170000 386189.210000 -538546.770000 636786.070000 371927.670000 -564576.580000 648485.820000 402786.980000 -537856.130000 668030.270000 377806.480000 -532747.850000 643325.890000 399415.670000 -563094.350000 668572.420000 385606.090000 -543978.630000 640674.990000 405647.940000 -529910.420000 646180.480000 375740.000000
-988794.131250 -956121.621250 -907727.840000 0.906483 0.060466 -0.417890 8
-1010619.040000 -956010.360000 -916836.530000 -997431.260000 -944089.470000 -898153.070000 -981103.280000 -947170.560000 -918712.660000 -974091.990000 -955743.060000 -912195.950000 -977492.370000 -955547.310000 -920449.840000 -982329.810000 -962577.910000 -893364.170000 -979199.040000 -956571.450000 -895891.300000 -1008086.260000 -971262.850000 -906219.200000
-347541.103750 -386195.160000 -206004.317500 0.223525 0.196435 -0.954699 8
-373330.830000 -388734.900000 -230917.660000 -333933.440000 -376131.340000 -234964.600000 -355960.680000 -352471.420000 -195219.480000 -329348.790000 -419279.330000 -175572.970000 -321747.010000 -368681.730000 -178249.150000 -378639.570000 -388441.070000 -225485.640000 -372397.210000 -422820.140000 -191632.580000 -314971.300000 -373001.350000 -215992.460000
-110711.383750 -490962.351250 366180.945000 0.524775 0.695996 -0.490103 8
-111855.590000 -492929.350000 369704.830000 -107631.650000 -489857.390000 369081.020000 -111270.770000 -490174.890000 363871.380000 -109516.960000 -488811.280000 364726.610000 -112108.330000 -493456.620000 364415.050000 -110896.600000 -488401.580000 367572.520000 -111703.450000 -489160.860000 365151.140000 -110707.720000 -494906.840000 364925.010000
