5477
01000004
01000001
01000002
01000010
020021
01020025
020022
01020026
020024
01000020
01020023
01020034
020030
01020031
01020032
040041
01040045
040042
01040046
040044
01000040
01040043
01040054
040050
01040051
01040052
01020064
01040064
040060
020060
060063
01060067
060065
01020061
01040061
060066
01020062
01040062
01060075
060071
01060076
060072
060074
01020070
01040070
01060073
0100101
01100105
0100102
01100106
0100104
01000100
01100103
01100114
0100110
01100111
01100112
01020124
01100124
0100120
020120
0120123
01120127
0120125
01020121
01100121
0120126
01020122
01100122
01120135
0120131
01120136
0120132
0120134
01020130
01100130
01120133
01040144
01100144
0100140
040140
0140143
01140147
0140145
01040141
01100141
0140146
01040142
01100142
01140155
0140151
01140156
0140152
0140154
01040150
01100150
01140153
01060165
01120165
0120161
060161
01140165
0140161
01060166
01120166
0120162
060162
01140166
0140162
0120164
060164
0140164
01040160
01100160
01020160
01060163
01120163
01140163
01060174
01120174
01140174
0120170
060170
0140170
0160173
01160177
0160175
01060171
01120171
01140171
0160176
01060172
01120172
01140172
0200201
01200205
0200202
01200206
01000200
0200204
01200203
01200214
0200210
01200211
01200212
01020224
020220
01200224
0200220
0220223
01220227
0220225
01200221
01020221
01020222
0220226
01200222
01220235
0220231
01220236
0220232
01020230
0220234
01200230
01220233
01040244
040240
01200244
0200240
0240243
01240247
0240245
01200241
01040241
01040242
0240246
01200242
01240255
0240251
01240256
0240252
01040250
0240254
01200250
01240253
01220265
0220261
01240265
0240261
01060265
060261
01060266
060262
01220266
0220262
01240266
0240262
060264
01040260
01020260
0220264
0240264
01200260
01220263
01240263
01060263
01060274
060270
01220274
01240274
0220270
0240270
0260273
01260277
0260275
01220271
01240271
01060271
01060272
0260276
01220272
01240272
01100304
0100300
01200304
0200300
0300303
01300307
0300305
01200301
01100301
01100302
0300306
01200302
01300315
0300311
01300316
0300312
01100310
0300314
01200310
01300313
01220325
0220321
01300325
0300321
01120325
0120321
01120326
0120322
01220326
0220322
01300326
0300322
0120324
01100320
01020320
0220324
0300324
01200320
01220323
01300323
01120323
01120334
0120330
01220334
01300334
0220330
0300330
0320333
01320337
0320335
01220331
01300331
01120331
01120332
0320336
01220332
01300332
01240345
0240341
01300345
0300341
01140345
0140341
01140346
0140342
01240346
0240342
01300346
0300342
0140344
01100340
01040340
0240344
0300344
01200340
01240343
01300343
01140343
01140354
0140350
01240354
01300354
0240350
0300350
0340353
01340357
0340355
01240351
01300351
01140351
01140352
0340356
01240352
01300352
01120364
01060364
01140364
0140360
0120360
060360
01220364
01240364
01300364
0240360
0300360
0220360
0260363
01260367
0320363
01320367
0340363
01340367
0160363
01160367
0260365
0320365
01220361
0340365
01240361
01300361
0160365
01120361
01060361
01140361
0160366
01120362
01060362
01140362
0260366
0320366
01220362
0340366
01240362
01300362
01260375
01320375
0320371
01340375
0340371
01160375
0160371
01160376
0160372
01260376
01320376
0260372
0320372
01340376
0340372
0160374
01120370
01060370
01140370
0260374
0320374
0340374
01220370
01240370
01300370
01260373
01320373
01340373
01160373
0400402
01400406
0400401
01400405
01000400
01400403
0400404
01400414
0400410
01400412
01400411
01020424
020420
0420423
01420427
01400424
0400420
0420426
01400422
01020421
01020422
0420425
01400421
01420436
0420432
01420435
0420431
01020430
01420433
0420434
01400430
01040444
040440
0440443
01440447
01400444
0400440
0440446
01400442
01040441
01040442
0440445
01400441
01440456
0440452
01440455
0440451
01040450
01440453
0440454
01400450
01420466
0420462
01440466
0440462
01060465
060461
01060466
060462
01420465
0420461
01440465
0440461
060464
01040460
01020460
01420463
01440463
0420464
0440464
01400460
01060463
01060474
060470
0460473
01460477
01420474
01440474
0420470
0440470
0460476
01420472
01440472
01060471
01060472
0460475
01420471
01440471
01100504
0100500
0500503
01500507
01400504
0400500
0500506
01400502
01100501
01100502
0500505
01400501
01500516
0500512
01500515
0500511
01100510
01500513
0500514
01400510
01420526
0420522
01500526
0500522
01120525
0120521
01120526
0120522
01420525
0420521
01500525
0500521
0120524
01100520
01020520
01420523
01500523
0420524
0500524
01400520
01120523
01120534
0120530
0520533
01520537
01420534
01500534
0420530
0500530
0520536
01420532
01500532
01120531
01120532
0520535
01420531
01500531
01440546
0440542
01500546
0500542
01140545
0140541
01140546
0140542
01440545
0440541
01500545
0500541
0140544
01100540
01040540
01440543
01500543
0440544
0500544
01400540
01140543
01140554
0140550
0540553
01540557
01440554
01500554
0440550
0500550
0540556
01440552
01500552
01140551
01140552
0540555
01440551
01500551
01120564
01060564
01140564
0140560
0120560
060560
0460563
01460567
0520563
01520567
0540563
01540567
01420564
01440564
01500564
0440560
0500560
0420560
0160563
01160567
0460566
0520566
01420562
0540566
01440562
01500562
0160565
01120561
01060561
01140561
0160566
01120562
01060562
01140562
0460565
0520565
01420561
0540565
01440561
01500561
01460576
01520576
0460572
0520572
01540576
0540572
01160575
0160571
01160576
0160572
01460575
01520575
0520571
01540575
0540571
0160574
01120570
01060570
01140570
01460573
01520573
01540573
0460574
0520574
0540574
01420570
01440570
01500570
01160573
0600603
01600607
01200604
0200600
01400604
0400600
01200601
01400602
0600606
0600605
01400601
01200602
01600616
0600612
01600615
0600611
01600613
01200610
01400610
0600614
01220625
0220621
01420626
0420622
01600626
0600622
01600625
0600621
01420625
0420621
01220626
0220622
01600623
01020620
01420623
0220624
01200620
01220623
0420624
01400620
0600624
0620633
01620637
01220634
0220630
01420634
0420630
01600634
0600630
01220631
01420632
0620636
01600632
0620635
01600631
01420631
01220632
01240645
0240641
01440646
0440642
01600646
0600642
01600645
0600641
01440645
0440641
01240646
0240642
01600643
01040640
01440643
0240644
01200640
01240643
0440644
01400640
0600644
0640653
01640657
01240654
0240650
01440654
0440650
01600654
0600650
01240651
01440652
0640656
01600652
0640655
01600651
01440651
01240652
0620663
01620667
0640663
01640667
01060664
060660
0460663
01460667
01220664
01240664
0240660
0220660
0260663
01260667
01420664
01440664
0440660
0420660
01600664
0600660
0260665
01220661
01240661
0460666
01420662
01440662
01060661
0620666
0640666
01600662
0620665
0640665
01600661
01060662
0460665
01420661
01440661
0260666
01220662
01240662
01260675
0260671
01460676
0460672
01620676
0620672
01640676
0640672
01620675
0620671
01640675
0640671
01460675
0460671
01260676
0260672
01620673
01640673
01060670
01460673
0260674
01220670
01240670
01260673
0460674
01420670
01440670
0620674
0640674
01600670
01300705
0300701
01500706
0500702
01600706
0600702
01600705
0600701
01500705
0500701
01300706
0300702
01600703
01100700
01500703
0300704
01200700
01300703
0500704
01400700
0600704
0700713
01300714
0300710
01500714
0500710
01600714
0600710
01300711
01500712
0700716
01600712
0700715
01600711
01500711
01300712
0620723
01620727
0700723
01120724
0120720
0520723
01520727
01220724
01300724
0300720
0220720
0320723
01320727
01420724
01500724
0500720
0420720
01600724
0600720
0320725
01220721
01300721
0520726
01420722
01500722
01120721
0620726
0700726
01600722
0620725
0700725
01600721
01120722
0520725
01420721
01500721
0320726
01220722
01300722
01320735
0320731
01520736
0520732
01620736
0620732
0700732
01620735
0700731
01520735
0520731
01320736
0320732
01620733
01120730
01520733
0320734
01220730
01300730
01320733
0520734
01420730
01500730
0620734
0700734
01600730
0640743
01640747
0700743
01140744
0140740
0540743
01540747
01240744
01300744
0300740
0240740
0340743
01340747
01440744
01500744
0500740
0440740
01600744
0600740
0340745
01240741
01300741
0540746
01440742
01500742
01140741
0640746
0700746
01600742
0640745
0700745
01600741
01140742
0540745
01440741
01500741
0340746
01240742
01300742
01340755
0340751
01540756
0540752
01640756
0640752
0700752
01640755
0700751
01540755
0540751
01340756
0340752
01640753
01140750
01540753
0340754
01240750
01300750
01340753
0540754
01440750
01500750
0640754
0700754
01600750
01260765
01320765
0320761
0260761
01340765
01460766
01520766
01540766
0520762
0460762
01160765
0160761
01620766
0620762
01640766
0640762
0700762
01620765
0620761
01640765
0640761
0700761
01160766
0160762
01260766
01460765
01520765
0520761
0460761
0340762
01540765
0540761
01320766
01340766
0320762
0260762
01620763
01640763
0160764
01140760
01120760
01060760
01460763
01520763
01540763
0260764
0340764
01240760
01300760
01220760
01320763
01260763
01340763
0520764
0460764
0540764
01440760
01500760
01420760
01160763
0620764
0700764
01600760
0720773
0740773
01660777
01160774
0160770
0560773
01560777
01260774
01320774
01340774
0320770
0260770
0340770
0360773
01360777
01460774
01520774
01540774
0520770
0460770
0540770
01620774
01640774
0620770
0640770
0360775
01260771
01320771
01340771
0560776
01460772
01520772
01540772
01160771
0660776
0720776
01620772
0740776
01640772
0720775
01620771
0740775
01640771
01160772
0560775
01460771
01520771
01540771
0360776
01260772
01320772
01340772
01003
01001007
01005
01001015
01011
01001013
01001025
01021
021027
01001023
01021037
021033
021035
01001031
01001045
01041
041047
01001043
01041057
041053
041055
01001051
01021067
01041067
041063
021063
041065
021065
01001061
01021075
01041075
041071
021071
061077
01021073
01041073
01001105
01101
0101107
01001103
01101117
0101113
0101115
01001111
01021127
01101127
0101123
021123
0101125
021125
01001121
01021135
01101135
0101131
021131
0121137
01021133
01101133
01041147
01101147
0101143
041143
0101145
041145
01001141
01041155
01101155
0101151
041151
0141157
01041153
01101153
01041165
01101165
01021165
0101161
041161
021161
0121167
061167
0141167
01041163
01101163
01021163
01061177
01121177
01141177
0121173
061173
0141173
0121175
061175
0141175
01041171
01101171
01021171
01001205
01201
0201207
01001203
01201217
0201213
0201215
01001211
01201227
0201223
01021227
021223
0201225
021225
01001221
01201235
0201231
01021235
021231
0221237
01201233
01021233
01201247
0201243
01041247
041243
0201245
041245
01001241
01201255
0201251
01041255
041251
0241257
01201253
01041253
01201265
0201261
01041265
01021265
041261
021261
0221267
0241267
01201263
061267
01041263
01021263
01221277
01241277
0221273
0241273
01061277
061273
0221275
0241275
01201271
061275
01041271
01021271
01201307
0201303
01101307
0101303
0201305
0101305
01001301
01201315
0201311
01101315
0101311
0301317
01201313
01101313
01201325
0201321
01101325
01021325
0101321
021321
0221327
0301327
01201323
0121327
01101323
01021323
01221337
01301337
0221333
0301333
01121337
0121333
0221335
0301335
01201331
0121335
01101331
01021331
01201345
0201341
01101345
01041345
0101341
041341
0241347
0301347
01201343
0141347
01101343
01041343
01241357
01301357
0241353
0301353
01141357
0141353
0241355
0301355
01201351
0141355
01101351
01041351
01221367
01241367
01301367
0241363
0301363
0221363
01121367
01061367
01141367
0121363
061363
0301365
0221365
01201361
0141365
0121365
061365
01101361
01041361
01021361
01221375
01241375
01301375
0241371
0221371
01121375
01061375
01141375
0141371
0121371
061371
0261377
0321377
0341377
01221373
01241373
01301373
0161377
01121373
01061373
01141373
01001405
01401
0401407
01001403
01401417
0401413
01001411
0401415
01401427
0401423
01021427
021423
021425
01001421
0401425
01021435
021431
01401435
0401431
0421437
01401433
01021433
01401447
0401443
01041447
041443
041445
01001441
0401445
01041455
041451
01401455
0401451
0441457
01401453
01041453
01041465
01021465
041461
021461
01401465
0401461
0421467
0441467
01401463
061467
01041463
01021463
01441477
0421473
0441473
01061477
061473
061475
01041471
01021471
0421475
0441475
01401471
01401507
0401503
01101507
0101503
0101505
01001501
0401505
01101515
0101511
01401515
0401511
0501517
01401513
01101513
01101525
01021525
0101521
021521
01401525
0401521
0421527
0501527
01401523
0121527
01101523
01021523
01501537
0421533
0501533
01121537
0121533
0121535
01101531
01021531
0421535
0501535
01401531
01101545
01041545
0101541
041541
01401545
0401541
0441547
0501547
01401543
0141547
01101543
01041543
01441557
01501557
0441553
0501553
01141557
0141553
0141555
01101551
01041551
0441555
0501555
01401551
01441567
01501567
0441563
0501563
0421563
01121567
01061567
01141567
0141563
0121563
061563
0141565
061565
01101561
01041561
01021561
0501565
0421565
01401561
01121575
01061575
01141575
0141571
0121571
061571
01441575
01501575
0441571
0421571
0461577
0521577
0541577
01441573
01501573
0161577
01121573
01061573
01141573
01401607
0401603
01201607
0201603
0201605
01001601
0401605
01201615
0201611
01401615
0401611
0601617
01401613
01201613
01201625
0201621
01021625
021621
01401625
0401621
0601627
0421627
01401623
0221627
01201623
01021623
01601637
0601633
0421633
01221637
0221633
0221635
01201631
01021631
0601635
0421635
01401631
01201645
0201641
01041645
041641
01401645
0401641
0601647
0441647
01401643
0241647
01201643
01041643
01601657
0601653
01441657
0441653
01241657
0241653
0241655
01201651
01041651
0601655
0441655
01401651
01601667
0601663
01441667
0421663
01221667
01241667
0241663
0221663
01061667
061663
0241665
01201661
061665
01041661
01021661
0601665
0441665
0421665
01401661
01221675
01241675
0241671
0221671
01061675
061671
01601675
01441675
0441671
0421671
0621677
0641677
01601673
0461677
01441673
0261677
01221673
01241673
01061673
01201705
0201701
01101705
0101701
01401705
0401701
0601707
0501707
01401703
0301707
01201703
01101703
01601717
0601713
01501717
0501713
01301717
0301713
0301715
01201711
01101711
0601715
0501715
01401711
01601727
0601723
01501727
0421723
01221727
01301727
0301723
0221723
01121727
0121723
0301725
0221725
01201721
0121725
01101721
01021721
0501725
0421725
01401721
01221735
01301735
0301731
0221731
01121735
0121731
01601735
0601731
01501735
0501731
0421731
0621737
0701737
01601733
0521737
01501733
0321737
01221733
01301733
01121733
01601747
0601743
01441747
01501747
0501743
0441743
01241747
01301747
0301743
0241743
01141747
0141743
0241745
01201741
0141745
01101741
01041741
0601745
0501745
0441745
01401741
01241755
01301755
0301751
0241751
01141755
0141751
01601755
0601751
01441755
01501755
0501751
0441751
0641757
0701757
01601753
0541757
01441753
01501753
0341757
01241753
01301753
01141753
01241765
01301765
01221765
0301761
0241761
0221761
01141765
01121765
01061765
0141761
0121761
01601765
0601761
01441765
01501765
0501761
0441761
0421761
0621767
0701767
01601763
0521767
0461767
01441763
01501763
0261767
0341767
01241763
01301763
01221763
0161767
01141763
01121763
01061763
01641777
0621773
0641773
01541777
0521773
0461773
01261777
01321777
01341777
0321773
0261773
0341773
01161777
0161773
0261775
0341775
01241771
01301771
01221771
0161775
01141771
01121771
01061771
0621775
01601771
0521775
0461775
0541775
01441771
01501771
02003
01002007
02006
01002016
02012
01002013
01002026
02022
022027
01002023
01022037
022033
022036
01002032
01002046
02042
042047
01002043
01042057
042053
042056
01002052
01022067
01042067
042063
022063
042066
022066
01002062
01022076
01042076
042072
022072
062077
01022073
01042073
01002106
02102
0102107
01002103
01102117
0102113
0102116
01002112
01022127
01102127
0102123
022123
0102126
022126
01002122
01022136
01102136
0102132
022132
0122137
01022133
01102133
01042147
01102147
0102143
042143
0102146
042146
01002142
01042156
01102156
0102152
042152
0142157
01042153
01102153
01042166
01102166
01022166
0102162
042162
022162
0122167
062167
0142167
01042163
01102163
01022163
01062177
01122177
01142177
0122173
0142173
0122176
062176
0142176
01042172
01102172
01022172
01002206
02202
0202207
01002203
01202217
0202213
01002212
0202216
01202227
0202223
01022227
022223
022226
01002222
0202226
01022236
022232
01202236
0202232
0222237
01202233
01022233
01202247
0202243
01042247
042243
042246
01002242
0202246
01042256
042252
01202256
0202252
0242257
01202253
01042253
01042266
01022266
042262
022262
01202266
0202262
0222267
0242267
01202263
062267
01042263
01022263
01242277
0222273
0242273
01062277
062273
062276
01042272
01022272
0222276
0242276
01202272
01202307
0202303
01102307
0102303
0102306
01002302
0202306
01102316
0102312
01202316
0202312
0302317
01202313
01102313
01102326
01022326
0102322
022322
01202326
0202322
0222327
0302327
01202323
0122327
01102323
01022323
01302337
0302333
01122337
0122333
0122336
01102332
01022332
0222336
0302336
01202332
01102346
01042346
0102342
042342
01202346
0202342
0242347
0302347
01202343
0142347
01102343
01042343
01242357
01302357
0302353
01142357
0142353
0142356
01102352
01042352
0242356
0302356
01202352
01242367
01302367
0242363
0302363
0222363
01122367
01062367
01142367
0142363
0122363
062363
0142366
0122366
062366
01102362
01042362
01022362
0302366
0222366
01202362
01122376
01062376
01142376
0142372
0122372
062372
01242376
01302376
0242372
0222372
0322377
0342377
01242373
01302373
0162377
01122373
01062373
01142373
01002406
02402
0402407
01002403
01402417
0402413
0402416
01002412
01402427
0402423
01022427
022423
0402426
022426
01002422
01402436
0402432
01022436
022432
0422437
01402433
01022433
01402447
0402443
01042447
042443
0402446
042446
01002442
01402456
0402452
01042456
042452
0442457
01402453
01042453
01402466
0402462
01042466
01022466
042462
022462
0422467
0442467
01402463
062467
01042463
01022463
01422477
01442477
0422473
0442473
01062477
062473
0422476
0442476
01402472
062476
01042472
01022472
01402507
0402503
01102507
0102503
0402506
0102506
01002502
01402516
0402512
01102516
0102512
0502517
01402513
01102513
01402526
0402522
01102526
01022526
0102522
022522
0422527
0502527
01402523
0122527
01102523
01022523
01422537
01502537
0502533
01122537
0122533
0422536
0502536
01402532
0122536
01102532
01022532
01402546
0402542
01102546
01042546
0102542
042542
0442547
0502547
01402543
0142547
01102543
01042543
01442557
01502557
0502553
01142557
0142553
0442556
0502556
01402552
0142556
01102552
01042552
01422567
01442567
01502567
0442563
0502563
0422563
01122567
01062567
01142567
0122563
062563
0502566
0422566
01402562
0142566
062566
01102562
01042562
01022562
01422576
01442576
01502576
0442572
0422572
01122576
01062576
01142576
0142572
0122572
062572
0522577
0542577
01422573
01442573
01502573
0162577
01122573
01062573
01142573
01402607
0402603
01202607
0202603
0402606
01002602
0202606
01402616
0402612
01202616
0202612
0602617
01402613
01202613
01402626
0402622
01022626
022622
01202626
0202622
0602627
0422627
01402623
0222627
01202623
01022623
01602637
0602633
01422637
0422633
0222633
0422636
01402632
0602636
01022632
0222636
01202632
01402646
0402642
01042646
042642
01202646
0202642
0602647
0442647
01402643
0242647
01202643
01042643
01602657
0602653
01442657
0442653
01242657
0242653
0442656
01402652
0602656
01042652
0242656
01202652
01602667
0602663
01422667
01442667
0442663
0422663
01242667
0222663
01062667
062663
0442666
0422666
01402662
0602666
062666
01042662
01022662
0242666
01202662
01422676
01442676
0442672
0422672
01602676
01062676
062672
01242676
0242672
0222672
0622677
0642677
01602673
0462677
01422673
01442673
0262677
01242673
01062673
01402706
0402702
01102706
0102702
01202706
0202702
0602707
0502707
01402703
0302707
01202703
01102703
01602717
01502717
0502713
01302717
0302713
0502716
01402712
0602716
01102712
0302716
01202712
01602727
0602723
01422727
01502727
0502723
0422723
01302727
0222723
01122727
0122723
0502726
0422726
01402722
0122726
01102722
01022722
0302726
0222726
01202722
01422736
01502736
0502732
0422732
01602736
0602732
01122736
0122732
01302736
0302732
0222732
0702737
01602733
0522737
01422733
01502733
0322737
01302733
01122733
01602747
0602743
01442747
01502747
0502743
0442743
01242747
01302747
0302743
0242743
01142747
0142743
0502746
0442746
01402742
0602746
0142746
01102742
01042742
0242746
01202742
01442756
01502756
0502752
0442752
01602756
0602752
01142756
0142752
01242756
01302756
0302752
0242752
0702757
01602753
0542757
01442753
01502753
0342757
01242753
01302753
01142753
01442766
01502766
01422766
0502762
0442762
0422762
01602766
0602762
01142766
01122766
01062766
0142762
0122762
01242766
01302766
0302762
0242762
0222762
0622767
0702767
01602763
0522767
0462767
0542767
01442763
01502763
01422763
0262767
01242763
01302763
0162767
01142763
01122763
01062763
01642777
01462777
01522777
01542777
0522773
0542773
01342777
0322773
01162777
0162773
0522776
0462776
0542776
01442772
01502772
01422772
0622776
01602772
0162776
01142772
01122772
01062772
0262776
0342776
01242772
01302772
03017
03027
01003037
03033
03047
01003057
03053
01003067
03063
043077
023077
01003073
03107
01003117
03113
01003127
03123
0103137
023137
01003133
01003147
03143
0103157
043157
01003153
0103167
023167
01003163
01043177
01103177
01023177
043173
023173
03207
01003217
03213
01003227
03223
0203237
023237
01003233
01003247
03243
0203257
043257
01003253
0203267
043267
023267
01003263
01203277
01043277
01023277
043273
023273
01003307
03303
0203317
0103317
01003313
0103327
023327
01003323
01203337
0203333
01103337
01023337
0103333
023333
0203347
0103347
043347
01003343
01203357
0203353
01103357
01043357
0103353
043353
01203367
0203363
01103367
01043367
01023367
0103363
043363
023363
0223377
01203373
0143377
0123377
063377
01043373
01103373
01023373
03407
01003417
03413
01003427
03423
0403437
023437
01003433
01003447
03443
0403457
043457
01003453
0403467
043467
01003463
01403477
01043477
01023477
043473
023473
01003507
03503
0403517
0103517
01003513
0103527
023527
01003523
01403537
0403533
01103537
01023537
0103533
023533
0403547
043547
01003543
01403557
0403553
01103557
01043557
0103553
043553
01403567
0403563
01103567
01043567
01023567
0103563
043563
023563
0423577
01403573
0143577
063577
01043573
01103573
01023573
01003607
03603
0403617
0203617
01003613
0403627
0203627
023627
01003623
01403637
0403633
01203637
0203633
01023637
023633
0403647
043647
01003643
01403657
0403653
01203657
0203653
01043657
043653
01403667
0403663
01203667
0203663
01043667
01023667
043663
023663
0443677
0423677
01403673
0243677
01203673
063677
01043673
01023673
0403707
0203707
0103707
01003703
01403717
0403713
01203717
0203713
01103717
0103713
01403727
0403723
01203727
0203723
01103727
01023727
0103723
0503737
0423737
01403733
0303737
0223737
01203733
0123737
01103733
01023733
01403747
0403743
01203747
0203743
01103747
01043747
0103743
0603757
0503757
0443757
01403753
0243757
01203753
0143757
01103753
01043753
0503767
0423767
01403763
01203763
0143767
01103763
01043763
01023763
01603777
01443777
01503777
0443773
0423773
01243777
01303777
0243773
0223773
01143777
01123777
01063777
0143773
0123773
01004007
04005
04006
01004015
01004016
04014
01004025
01004026
04024
024027
01004034
01024037
024035
024036
01004045
01004046
04044
044047
01004054
01044057
044055
044056
01004064
01024067
01044067
044065
024065
044066
024066
01024075
01044075
01024076
01044076
044074
024074
064077
01004105
01004106
04104
0104107
01004114
01104117
0104115
0104116
01004124
01024127
01104127
0104125
024125
0104126
024126
01024135
01104135
01024136
01104136
0104134
024134
0124137
01004144
01044147
01104147
0104145
044145
0104146
044146
01044155
01104155
01044156
01104156
0104154
044154
0144157
01044165
01104165
01024165
01044166
01104166
01024166
0104164
044164
024164
0124167
064167
0144167
01044174
01104174
01024174
01064177
01144177
0124175
0144175
0124176
064176
0144176
01004205
01004206
04204
0204207
01004214
01204217
0204215
0204216
01004224
01204227
01024227
0204225
024225
024226
0204226
01204235
01024235
01024236
01204236
024234
0204234
0224237
01004244
01204247
01044247
0204245
044245
044246
0204246
01204255
01044255
01044256
01204256
044254
0204254
0244257
01204265
01044265
01024265
01044266
01024266
01204266
044264
024264
0204264
0224267
0244267
064267
01044274
01024274
01204274
01224277
01244277
01064277
0224275
0244275
064275
064276
0224276
0244276
01004304
01204307
01104307
0204305
0104305
0104306
0204306
01204315
01104315
01104316
01204316
0104314
0204314
0304317
01204325
01104325
01024325
01104326
01024326
01204326
0104324
024324
0204324
0224327
0304327
0124327
01104334
01024334
01204334
01224337
01304337
0304335
0124335
0124336
0224336
0304336
01204345
01104345
01044345
01104346
01044346
01204346
0104344
044344
0204344
0244347
0304347
0144347
01104354
01044354
01204354
01244357
01304357
01144357
0304355
0144355
0144356
0244356
0304356
01104364
01044364
01024364
01204364
01224367
01244367
01304367
01064367
01144367
0244365
0304365
0224365
0144365
0124365
064365
0124366
064366
0244366
0304366
0224366
01224375
01244375
01304375
01064375
01144375
01064376
01144376
01224376
01244376
01304376
0144374
0124374
064374
0244374
0224374
0324377
0344377
0164377
01004405
01004406
04404
0404407
01004414
01404417
0404416
0404415
01004424
01404427
01024427
0404426
024425
024426
0404425
01404436
01024435
01024436
01404435
024434
0424437
0404434
01004444
01404447
01044447
0404446
044445
044446
0404445
01404456
01044455
01044456
01404455
044454
0444457
0404454
01404466
01044465
01024465
01044466
01024466
01404465
044464
024464
0424467
0444467
0404464
064467
01044474
01024474
01424477
01404474
01064477
0424476
0444476
064475
064476
0424475
0444475
01004504
01404507
01104507
0404506
0104505
0104506
0404505
01404516
01104515
01104516
01404515
0104514
0504517
0404514
01404526
01104525
01024525
01104526
01024526
01404525
0104524
024524
0424527
0504527
0404524
0124527
01104534
01024534
01424537
01504537
01404534
0424536
0504536
0124535
0124536
0504535
01404546
01104545
01044545
01104546
01044546
01404545
0104544
044544
0444547
0504547
0404544
0144547
01104554
01044554
01504557
01404554
01144557
0444556
0504556
0144555
0144556
0504555
01104564
01044564
01024564
01424567
01504567
01404564
01064567
01144567
0444566
0504566
0424566
0124565
064565
0144566
0124566
064566
0444565
0504565
0424565
01424576
01504576
01064575
01144575
01064576
01144576
01424575
01504575
0144574
0124574
064574
0524577
0544577
0444574
0424574
0164577
01004604
01404607
01204607
0204605
0404606
0404605
0204606
01204615
01404616
01404615
01204616
0604617
0204614
0404614
01204625
01404626
01024625
01024626
01404625
01204626
0604627
024624
0424627
0204624
0224627
0404624
01604637
01024634
01424637
01204634
01224637
01404634
0224635
0424636
0604636
0604635
0424635
0224636
01204645
01404646
01044645
01044646
01404645
01204646
0604647
044644
0444647
0204644
0244647
0404644
01604657
01044654
01204654
01244657
01404654
0244655
0444656
0604656
0604655
0444655
0244656
01604667
01044664
01024664
01424667
01204664
01224667
01244667
01404664
01064667
0224665
0424666
064665
0604666
0604665
064666
0444665
0424665
0244666
0224666
01224675
01244675
01424676
01064675
01604676
01604675
01064676
01424675
01224676
01244676
0624677
0644677
064674
0464677
0244674
0224674
0264677
0444674
0424674
01204705
01404706
01104705
01104706
01404705
01204706
0604707
0104704
0504707
0204704
0304707
0404704
01604717
01104714
01504717
01204714
01304717
01404714
0304715
0504716
0604716
0504715
0304716
01604727
01104724
01024724
01424727
01504727
01204724
01224727
01304727
01404724
0224725
0424726
0124725
0604726
0604725
0124726
0504725
0424725
0304726
0224726
01224735
01304735
01424736
01504736
01604736
01604735
01424735
01504735
01224736
01304736
0704737
0124734
0524737
0304734
0224734
0324737
0504734
0424734
0604734
01604747
01104744
01044744
01504747
01204744
01244747
01304747
01404744
01144747
0304745
0244745
0504746
0444746
0144745
0604746
0604745
0144746
0504745
0444745
0304746
0244746
01244755
01304755
01504756
01144755
01604756
01604755
01144756
01504755
01244756
01304756
0704757
0144754
0544757
0304754
0244754
0344757
0504754
0444754
0604754
01244765
01304765
01224765
01504766
01424766
01144765
01064765
01604766
01604765
01144766
01064766
01504765
01424765
01244766
01304766
01224766
0624767
0644767
0704767
0144764
0124764
0524767
0464767
0304764
0244764
0224764
0324767
0264767
0504764
0444764
0424764
0164767
0604764
01624777
01144774
01064774
01244774
01304774
01224774
01264777
01344777
01504774
01424774
01604774
0324775
0524776
0464776
0164775
0624776
0644776
0164776
0524775
0544775
0324776
0264776
0344776
05017
05027
01005037
05035
05047
01005057
05055
01005067
05065
01005075
045077
025077
05107
01005117
05115
01005127
05125
01005135
0105137
025137
01005147
05145
01005155
0105157
045157
01005165
0105167
045167
025167
01045177
01105177
01025177
045175
025175
05207
01005217
05215
01005227
05225
01005235
0205237
025237
01005247
05245
01005255
0205257
045257
01005265
0205267
025267
01205277
01045277
01025277
045275
025275
01005307
05305
01005315
0205317
0105317
01005325
0205327
025327
01205337
01105337
01025337
0205335
0105335
025335
01005345
0205347
0105347
045347
01205357
01105357
01045357
0205355
0105355
045355
01205367
01105367
01045367
01025367
0205365
0105365
045365
025365
01205375
01045375
01105375
01025375
0245377
0225377
0125377
065377
05407
01005417
05415
01005427
05425
01005435
0405437
025437
01005447
05445
01005455
0405457
045457
01005465
0405467
045467
025467
01405477
01045477
01025477
045475
025475
01005507
05505
01005515
0405517
0105517
01005525
0405527
0105527
025527
01405537
01105537
01025537
0105535
025535
0405535
01005545
0405547
0105547
045547
01405557
01105557
01045557
0105555
045555
0405555
01405567
01105567
01045567
01025567
0105565
045565
025565
0405565
01045575
01105575
01025575
01405575
0445577
0425577
0145577
0125577
065577
01005607
05605
01005615
0405617
0205617
01005625
0205627
025627
01405637
01205637
01025637
0205635
025635
0405635
01005645
0405647
0205647
045647
01405657
01205657
01045657
0205655
045655
0405655
01405667
01205667
01045667
01025667
0205665
045665
025665
0405665
01205675
01045675
01025675
01405675
0425677
0245677
0225677
065677
01005705
0405707
0205707
0105707
01405717
01205717
01105717
0205715
0105715
0405715
01405727
01205727
01105727
01025727
0205725
0105725
0405725
01205735
01105735
01025735
01405735
0605737
0425737
0305737
0225737
0125737
01405747
01205747
01105747
01045747
0205745
0105745
0405745
01205755
01105755
01045755
01405755
0605757
0505757
0445757
0305757
0245757
0145757
01205765
01105765
01045765
01025765
01405765
0605767
0425767
0305767
0245767
0225767
0125767
01605777
01505777
01245777
01305777
01225777
01145777
01065777
0245775
0225775
0145775
0125775
0445775
0425775
06017
06027
01006037
06036
06047
01006057
06056
01006067
06066
01006076
046077
026077
06107
01006117
06116
01006127
06126
01006136
0106137
01006147
06146
01006156
0106157
01006166
0106167
046167
026167
01046177
01106177
01026177
046176
026176
06207
01006217
06216
01006227
06226
01006236
0206237
026237
01006247
06246
01006256
0206257
046257
01006266
0206267
046267
026267
01206277
01046277
01026277
046276
026276
01006307
06306
01006316
0106317
01006326
0206327
0106327
026327
01206337
01106337
01026337
0106336
026336
0206336
01006346
0206347
0106347
046347
01206357
01106357
01046357
0106356
046356
0206356
01206367
01106367
01046367
01026367
0106366
046366
026366
0206366
01046376
01106376
01026376
01206376
0146377
0126377
06407
01006417
06416
01006427
06426
01006436
0406437
026437
01006447
06446
01006456
0406457
046457
01006466
0406467
026467
01406477
01046477
01026477
046476
026476
01006507
06506
01006516
0106517
01006526
0406527
026527
01406537
01106537
01026537
0406536
0106536
026536
01006546
0406547
0106547
046547
01406557
01106557
01046557
0406556
0106556
046556
01406567
01106567
01046567
01026567
0406566
0106566
046566
026566
01406576
01046576
01106576
01026576
0126577
01006607
06606
01006616
0406617
0206617
01006626
0406627
026627
01406637
01206637
01026637
0406636
026636
0206636
01006646
0406647
0206647
046647
01406657
01206657
01046657
0406656
046656
0206656
01406667
01206667
01046667
01026667
0406666
046666
026666
0206666
01406676
01046676
01026676
01206676
0446677
0426677
0226677
066677
01006706
0406707
0206707
0106707
01406717
01206717
01106717
0406716
0106716
0206716
01406727
01206727
01106727
01026727
0406726
0106726
0206726
01406736
01106736
01026736
01206736
0506737
0126737
01406747
01206747
01106747
01046747
0406746
0106746
0206746
01406756
01106756
01046756
01206756
0506757
0306757
0146757
01406766
01106766
01046766
01026766
01206766
0606767
0506767
0446767
0426767
0226767
0126767
01606777
01506777
01426777
01306777
01246777
01146777
01066777
0446776
0426776
0146776
0126776
0246776
0226776
07137
07157
07167
07237
07257
07267
07317
07327
07347
047377
027377
07437
07457
07467
07517
07527
07547
047577
027577
07617
07627
07647
047677
027677
0407737
0207737
0107737
0407757
0207757
0107757
0407767
0207767
0107767
010011
01010015
010012
01010016
010014
01010013
01010034
010030
030033
01030037
030035
01010031
030036
01010032
01010054
010050
050053
01050057
050055
01010051
050056
01010052
01030075
01050075
050071
030071
01030076
01050076
050072
030072
050074
030074
01010070
01030073
01050073
01010114
010110
0110113
01110117
0110115
01010111
0110116
01010112
01030135
01110135
0110131
030131
01030136
01110136
0110132
030132
0110134
030134
01010130
01030133
01110133
01050155
01110155
0110151
050151
01050156
01110156
0110152
050152
0110154
050154
01010150
01050153
01110153
01050174
01110174
01030174
0110170
050170
030170
0130173
01130177
070173
0150173
01150177
0130175
070175
0150175
01050171
01110171
01030171
0130176
070176
0150176
01050172
01110172
01030172
01010214
010210
0210213
01210217
0210215
01010211
01010212
0210216
01210235
0210231
01030235
030231
01030236
030232
01210236
0210232
030234
01010230
0210234
01210233
01030233
01210255
0210251
01050255
050251
01050256
050252
01210256
0210252
050254
01010250
0210254
01210253
01050253
01050274
01030274
050270
030270
01210274
0210270
0230273
01230277
0250273
01250277
070273
0230275
0250275
01210271
070275
01050271
01030271
070276
01050272
01030272
0230276
0250276
01210272
01210315
0210311
01110315
0110311
01110316
0110312
01210316
0210312
0110314
01010310
0210314
01210313
01110313
01110334
01030334
0110330
030330
01210334
0210330
0230333
01230337
0310333
01310337
0130333
01130337
0230335
0310335
01210331
0130335
01110331
01030331
0130336
01110332
01030332
0230336
0310336
01210332
01110354
01050354
0110350
050350
01210354
0210350
0250353
01250357
0310353
01310357
0150353
01150357
0250355
0310355
01210351
0150355
01110351
01050351
0150356
01110352
01050352
0250356
0310356
01210352
01230375
01250375
01310375
0250371
0310371
0230371
01130375
01150375
0150371
0130371
070371
01130376
01150376
0130372
070372
01230376
01250376
01310376
0250372
0310372
0230372
0150374
0130374
070374
01110370
01050370
01030370
0310374
0230374
01210370
01230373
01250373
01310373
01130373
01150373
01010414
010410
0410413
01410417
0410416
01010411
01010412
0410415
01410436
0410432
01030435
030431
01030436
030432
01410435
0410431
030434
01010430
01410433
0410434
01030433
01410456
0410452
01050455
050451
01050456
050452
01410455
0410451
050454
01010450
01410453
0410454
01050453
01050474
01030474
050470
030470
0430473
01430477
0450473
01450477
01410474
0410470
070473
0430476
0450476
01410472
070475
01050471
01030471
070476
01050472
01030472
0430475
0450475
01410471
01410516
0410512
01110515
0110511
01110516
0110512
01410515
0410511
0110514
01010510
01410513
0410514
01110513
01110534
01030534
0110530
030530
0430533
01430537
0510533
01510537
01410534
0410530
0130533
01130537
0430536
0510536
01410532
0130535
01110531
01030531
0130536
01110532
01030532
0430535
0510535
01410531
01110554
01050554
0110550
050550
0450553
01450557
0510553
01510557
01410554
0410550
0150553
01150557
0450556
0510556
01410552
0150555
01110551
01050551
0150556
01110552
01050552
0450555
0510555
01410551
01430576
01450576
01510576
0450572
0510572
0430572
01130575
01150575
0130571
070571
01130576
01150576
0150572
0130572
070572
01430575
01450575
01510575
0450571
0510571
0430571
0150574
070574
01110570
01050570
01030570
01430573
01450573
01510573
0510574
0430574
01410570
01130573
01150573
01210615
0210611
01410616
0410612
01410615
0410611
01210616
0210612
01010610
01410613
0210614
01210613
0410614
0610633
01610637
01030634
030630
0430633
01430637
01210634
0210630
0230633
01230637
01410634
0410630
0230635
01210631
0430636
01410632
01030631
0610636
0610635
01030632
0430635
01410631
0230636
01210632
0610653
01610657
01050654
050650
0450653
01450657
01210654
0210650
0250653
01250657
01410654
0410650
0250655
01210651
0450656
01410652
01050651
0610656
0610655
01050652
0450655
01410651
0250656
01210652
01230675
01250675
0230671
01430676
01450676
0430672
070671
01610676
0610672
01610675
0610671
070672
01430675
01450675
0450671
0430671
01230676
01250676
0250672
0230672
01610673
070674
01050670
01030670
01430673
01450673
0250674
01210670
01230673
01250673
0450674
0430674
01410670
0610674
0610713
01610717
01110714
0110710
0510713
01510717
01210714
0210710
0310713
01310717
01410714
0410710
0310715
01210711
0510716
01410712
01110711
0610716
0610715
01110712
0510715
01410711
0310716
01210712
01230735
01310735
0230731
01430736
01510736
0430732
01130735
0130731
01610736
0610732
01610735
0610731
01130736
0130732
01430735
01510735
0510731
0430731
01230736
01310736
0310732
0230732
01610733
0130734
01110730
01030730
01430733
01510733
0310734
0230734
01210730
01230733
01310733
0510734
0430734
01410730
01130733
01250755
01310755
0310751
0250751
01450756
01510756
0510752
0450752
01150755
0150751
01610756
0610752
01610755
0610751
01150756
0150752
01450755
01510755
0510751
0450751
01250756
01310756
0310752
0250752
01610753
0150754
01110750
01050750
01450753
01510753
0250754
01210750
01250753
01310753
0510754
0450754
01410750
01150753
0610754
0650773
0630773
01630777
01650777
0710773
01150774
01130774
0150770
0130770
0530773
01530777
0470773
01550777
01250774
01310774
01230774
0310770
0250770
0230770
0510770
0330773
01330777
0270773
01350777
01450774
01510774
01430774
0450770
0430770
0170773
01610774
0610770
01250771
0270775
01310771
01230771
0530776
0470776
01450772
01510772
01430772
0170775
01150771
01130771
0630776
0710776
01610772
0630775
0710775
01610771
0170776
01150772
01130772
01250772
0530775
0470775
0550775
01230772
01450771
01510771
01430771
01310772
0270776
0350776
011017
01011037
011033
011035
01011057
011053
011055
01011075
011071
051077
031077
01011073
01011117
011113
011115
01011135
011131
0111137
031137
01011133
01011155
011151
0111157
051157
01011153
01051177
01031177
0111173
051173
031173
0111175
031175
01011171
01011217
011213
011215
01011235
011231
0211237
031237
01011233
01011255
011251
0211257
051257
01011253
01211277
0211273
01051277
01031277
031273
0211275
051275
031275
01011271
01011315
011311
0211317
0111317
01011313
01211337
0211333
01031337
031333
0111335
031335
01011331
01211357
0211353
01051357
0111353
051353
0211355
0111355
051355
01011351
01211375
0211371
01051375
01031375
0111371
051371
031371
0311377
0231377
01211373
0131377
071377
01051373
01031373
01011417
011413
011415
01011435
011431
0411437
031437
01011433
01011455
011451
0411457
051457
01011453
01411477
0411473
01051477
01031477
051473
031473
051475
01011471
0411475
01011515
011511
0411517
0111517
01011513
01411537
0411533
01031537
0111533
031533
0111535
031535
01011531
01411557
0411553
01051557
0111553
051553
051555
01011551
0411555
01051575
01031575
0111571
051571
031571
01411575
0411571
0511577
0431577
01411573
0151577
071577
01051573
01031573
01011615
011611
0411617
0211617
01011613
01411637
01211637
0211633
01031637
031633
0211635
031635
01011631
0411635
01411657
0411653
01211657
0211653
01051657
051653
051655
01011651
0411655
01211675
0211671
01051675
01031675
051671
031671
01411675
0411671
0611677
0431677
01411673
0251677
01211673
071677
01051673
01031673
01411717
0411713
01211717
0211713
0111713
0211715
0111715
01011711
0411715
01211735
0211731
01031735
0111731
01411735
0411731
0431737
01411733
0311737
0231737
01211733
0131737
01031733
01211755
0211751
01051755
0111751
01411755
0411751
0611757
0511757
0451757
01411753
0251757
01211753
0151757
01051753
01611777
0611773
01451777
0431773
01251777
01231777
0311773
0251773
0231773
0131773
01211771
0151775
01051771
01031771
0511775
0431775
01411771
012017
01012037
012033
012036
01012057
012053
012056
01012076
012072
052077
032077
01012073
01012117
012113
012116
01012136
012132
0112137
032137
01012133
01012156
012152
0112157
052157
01012153
01052177
01112177
01032177
0112173
052173
032173
0112176
032176
01012172
01012217
012213
012216
01012236
012232
0212237
032237
01012233
01012256
012252
0212257
052257
01012253
01212277
0212273
01052277
01032277
052273
032273
052276
032276
01012272
0212276
01012316
012312
0212317
0112317
01012313
01212337
0212333
01112337
01032337
0112333
032333
0112336
032336
01012332
01212357
0212353
01112357
01052357
0112353
052353
0112356
052356
01012352
0212356
01112376
01052376
01032376
0112372
052372
032372
01212376
0212372
0312377
0232377
01212373
0152377
0132377
072377
01112373
01052373
01032373
01012417
012413
012416
01012436
012432
0412437
032437
01012433
01012456
012452
0412457
052457
01012453
01412477
0412473
01052477
01032477
032473
0412476
052476
01012472
01012516
012512
0412517
0112517
01012513
01412537
0412533
01112537
01032537
032533
0112536
032536
01012532
01412557
0412553
01112557
01052557
0112553
052553
0412556
052556
01012552
01412576
0412572
01112576
01052576
01032576
0112572
052572
032572
0512577
0432577
01412573
072577
01112573
01052573
01032573
01012616
012612
0412617
0212617
01012613
01412637
0412633
01212637
01032637
032633
0412636
032636
01012632
0212636
01412657
0412653
01212657
0212653
01052657
052653
0412656
052656
01012652
01412676
0412672
01052676
01032676
052672
032672
01212676
0212672
0612677
0452677
0432677
01412673
01212673
072677
01052673
01032673
01412717
0412713
01212717
0212713
01112717
0112713
0412716
0112716
01012712
0212716
01412736
0412732
01112736
01032736
0112732
01212736
0212732
0512737
0432737
01412733
0232737
01212733
0132737
01112733
01032733
01412756
0412752
01112756
01052756
0112752
01212756
0212752
0612757
0512757
0452757
01412753
0252757
01212753
0152757
01112753
01052753
01612777
0612773
01452777
01512777
01432777
0512773
0452773
0432773
01312777
01252777
0232773
01152777
01132777
0132773
0512776
0432776
01412772
0152776
01112772
01052772
01032772
01212772
013077
013157
01013177
013173
013237
013257
01013277
013273
013317
01013337
013333
01013357
013353
0113377
033377
01013373
013437
01013477
013473
013517
01013537
013533
01013557
013553
01013573
013617
01013637
013633
01013657
013653
0413677
053677
01013673
01013717
0113737
01013733
0413757
01013753
01413777
0413773
0213773
01213777
01053777
01033777
0113773
014017
01014037
014035
014036
01014057
014055
014056
01014075
01014076
014074
054077
034077
01014117
014115
014116
01014135
01014136
014134
0114137
034137
01014155
01014156
014154
0114157
054157
01014174
01054177
01114177
01034177
0114175
054175
034175
0114176
054176
034176
01014217
014215
014216
01014235
01014236
014234
0214237
034237
01014255
01014256
014254
0214257
054257
01014274
01214277
01054277
01034277
0214275
054275
034275
034276
0214276
01014315
01014316
014314
0214317
0114317
01014334
01214337
01114337
01034337
0214335
0114335
034335
034336
0214336
01014354
01214357
01114357
01054357
0214355
0114355
054355
0114356
054356
0214356
01214375
01114375
01054375
01034375
01114376
01054376
01034376
01214376
0114374
054374
034374
0214374
0254377
0314377
0234377
0134377
074377
01014417
014415
014416
01014435
01014436
014434
0414437
034437
01014455
01014456
014454
0414457
054457
01014474
01414477
01054477
01034477
0414476
034475
054476
034476
0414475
01014515
01014516
014514
0414517
0114517
01014534
01414537
01114537
01034537
0414536
034535
0114536
034536
0414535
01014554
01414557
01114557
01054557
0414556
0114555
054555
0114556
054556
0414555
01414576
01114575
01054575
01034575
01114576
01054576
01034576
01414575
0114574
054574
034574
0454577
0514577
0434577
0414574
0134577
074577
01014615
01014616
014614
0414617
0214617
01014634
01414637
01214637
01034637
034635
034636
0414635
0214636
01014654
01414657
01214657
01054657
0214655
0414656
054655
054656
0414655
0214656
01214675
01414676
01054675
01034675
01054676
01034676
01414675
01214676
0614677
054674
034674
0434677
0214674
0234677
0414674
074677
01014714
01414717
01214717
01114717
0214715
0414716
0114715
0114716
0414715
0214716
01214735
01414736
01114735
01034735
01114736
01034736
01414735
01214736
0614737
0114734
0434737
0214734
0234737
0414734
0134737
01214755
01414756
01114755
01054755
01114756
01054756
01414755
01214756
0614757
0114754
0514757
0454757
0214754
0314757
0254757
0414754
0154757
01614777
01114774
01054774
01034774
01514777
01434777
01214774
01254777
01314777
01234777
01414774
01154777
0234775
0434776
0134775
0614776
0614775
0134776
0514775
0454775
0434775
0314776
0254776
0234776
015077
015137
015157
01015177
015175
015257
01015277
015275
015317
01015337
015335
01015357
015355
01015375
0215377
035377
015437
015457
01015477
015475
015517
01015537
015535
01015557
015555
01015575
0415577
0115577
055577
035577
015617
01015637
015635
01015657
015655
01015675
0215677
035677
01015717
01015735
0215737
01015755
0415757
0215757
0115757
01415777
01215777
01055777
01035777
0215775
0115775
0415775
016077
016137
016157
01016177
016176
016237
016257
01016277
016276
016317
01016337
016336
01016357
016356
01016376
0216377
0116377
056377
036377
016457
01016477
016476
016517
01016537
016536
01016557
016556
01016576
0416577
036577
016617
01016637
016636
01016657
016656
01016676
0416677
036677
01016717
01016736
0416737
01016756
0416757
0216757
0116757
01416777
01216777
01116777
01056777
01036777
0416776
0116776
0216776
017377
017577
017677
