5477
020020
01020024
01020021
01020022
01020030
040040
01040044
01040041
01040042
01040050
060061
01060065
060062
01060066
060064
01020060
01040060
01060063
01060074
060070
01060071
01060072
0100100
01100104
01100101
01100102
01100110
0120121
01120125
0120122
01120126
0120124
01020120
01100120
01120123
01120134
0120130
01120131
01120132
0140141
01140145
0140142
01140146
0140144
01040140
01100140
01140143
01140154
0140150
01140151
01140152
01060164
01120164
0120160
060160
01140164
0140160
0160163
01160167
0160165
01060161
01120161
01140161
0160166
01060162
01120162
01140162
01160175
0160171
01160176
0160172
0160174
01060170
01120170
01140170
01160173
0200200
01200204
01200201
01200202
01200210
0220221
01220225
0220222
01220226
01020220
0220224
01200220
01220223
01220234
0220230
01220231
01220232
0240241
01240245
0240242
01240246
01040240
0240244
01200240
01240243
01240254
0240250
01240251
01240252
01060264
060260
01220264
0220260
01240264
0240260
0260263
01260267
0260265
01220261
01240261
01060261
01060262
0260266
01220262
01240262
01260275
0260271
01260276
0260272
01060270
0260274
01220270
01240270
01260273
0300301
01300305
0300302
01300306
01100300
0300304
01200300
01300303
01300314
0300310
01300311
01300312
01120324
0120320
01220324
0220320
01300324
0300320
0320323
01320327
0320325
01220321
01300321
01120321
01120322
0320326
01220322
01300322
01320335
0320331
01320336
0320332
01120330
0320334
01220330
01300330
01320333
01140344
0140340
01240344
0240340
01300344
0300340
0340343
01340347
0340345
01240341
01300341
01140341
01140342
0340346
01240342
01300342
01340355
0340351
01340356
0340352
01140350
0340354
01240350
01300350
01340353
01260365
0260361
01320365
0320361
01340365
0340361
01160365
0160361
01160366
0160362
01260366
0260362
01320366
0320362
01340366
0340362
0160364
01120360
01060360
01140360
0260364
0320364
01220360
0340364
01240360
01300360
01260363
01320363
01340363
01160363
01160374
0160370
01260374
01320374
0260370
0320370
01340374
0340370
0360373
01360377
0360375
01260371
01320371
01340371
01160371
01160372
0360376
01260372
01320372
01340372
0400400
01400404
01400402
01400401
01400410
0420422
01420426
0420421
01420425
01020420
01420423
0420424
01400420
01420434
0420430
01420432
01420431
0440442
01440446
0440441
01440445
01040440
01440443
0440444
01400440
01440454
0440450
01440452
01440451
01060464
060460
0460463
01460467
01420464
0420460
01440464
0440460
0460466
01420462
01440462
01060461
01060462
0460465
01420461
01440461
01460476
0460472
01460475
0460471
01060470
01460473
0460474
01420470
01440470
0500502
01500506
0500501
01500505
01100500
01500503
0500504
01400500
01500514
0500510
01500512
01500511
01120524
0120520
0520523
01520527
01420524
0420520
01500524
0500520
0520526
01420522
01500522
01120521
01120522
0520525
01420521
01500521
01520536
0520532
01520535
0520531
01120530
01520533
0520534
01420530
01500530
01140544
0140540
0540543
01540547
01440544
0440540
01500544
0500540
0540546
01440542
01500542
01140541
01140542
0540545
01440541
01500541
01540556
0540552
01540555
0540551
01140550
01540553
0540554
01440550
01500550
01460566
0460562
01520566
0520562
01540566
0540562
01160565
0160561
01160566
0160562
01460565
0460561
01520565
0520561
01540565
0540561
0160564
01120560
01060560
01140560
01460563
01520563
01540563
0460564
0520564
01420560
0540564
01440560
01500560
01160563
01160574
0160570
0560573
01560577
01460574
01520574
0460570
0520570
01540574
0540570
0560576
01460572
01520572
01540572
01160571
01160572
0560575
01460571
01520571
01540571
0600602
01600606
0600601
01600605
01600603
01200600
01400600
0600604
01600614
0600610
01600612
01600611
0620623
01620627
01220624
0220620
01420624
0420620
01600624
0600620
01220621
01420622
0620626
01600622
0620625
01600621
01420621
01220622
01620636
0620632
01620635
0620631
01620633
01220630
01420630
0620634
01600630
0640643
01640647
01240644
0240640
01440644
0440640
01600644
0600640
01240641
01440642
0640646
01600642
0640645
01600641
01440641
01240642
01640656
0640652
01640655
0640651
01640653
01240650
01440650
0640654
01600650
01260665
0260661
01460666
0460662
01620666
0620662
01640666
0640662
01620665
0620661
01640665
0640661
01460665
0460661
01260666
0260662
01620663
01060660
01640663
01460663
0260664
01220660
01240660
01260663
0460664
01420660
01440660
0620664
0640664
01600660
0660673
01660677
01260674
0260670
01460674
0460670
01620674
0620670
01640674
0640670
01260671
01460672
0660676
01620672
01640672
0660675
01620671
01640671
01460671
01260672
0700703
01300704
0300700
01500704
0500700
01600704
0600700
01300701
01500702
0700706
01600702
0700705
01600701
01500701
01300702
0700712
0700711
01300710
01500710
0700714
01600710
01320725
0320721
01520726
0520722
01620726
0620722
0700722
01620725
0620721
0700721
01520725
0520721
01320726
0320722
01620723
01120720
01520723
0320724
01220720
01300720
01320723
0520724
01420720
01500720
0620724
0700724
01600720
0720733
01320734
0320730
01520734
0520730
01620734
0620730
0700730
01320731
01520732
0720736
01620732
0720735
01620731
01520731
01320732
01340745
0340741
01540746
0540742
01640746
0640742
0700742
01640745
0640741
0700741
01540745
0540741
01340746
0340742
01640743
01140740
01540743
0340744
01240740
01300740
01340743
0540744
01440740
01500740
0640744
0700744
01600740
0740753
01340754
0340750
01540754
0540750
01640754
0640750
0700750
01340751
01540752
0740756
01640752
0740755
01640751
01540751
01340752
0660763
01660767
0720763
01160764
0160760
0740763
0560763
01560767
01260764
01320764
0320760
0260760
01340764
0340760
0360763
01360767
01460764
01520764
0520760
0460760
01540764
0540760
01620764
0620760
01640764
0640760
0700760
0360765
01260761
01320761
0560766
01460762
01520762
01340761
01540762
01160761
0660766
0720766
01620762
0740766
01640762
0660765
0720765
01620761
01160762
0740765
01640761
0560765
01460761
01520761
0360766
01260762
01320762
01540761
01340762
01360775
0360771
01560776
0560772
01660776
0660772
0720772
0740772
01660775
0720771
0740771
01560775
0560771
01360776
0360772
01660773
01160770
01560773
0360774
01260770
01320770
01340770
01360773
0560774
01460770
01520770
01540770
0660774
0720774
01620770
0740774
01640770
01001
01001005
01001003
01001011
021023
01021027
021025
01001021
01021035
021031
01021033
041043
01041047
041045
01001041
01041055
041051
01041053
01021065
01041065
041061
021061
061067
01021063
01041063
01061077
061073
061075
01021071
01041071
0101103
01101107
0101105
01001101
01101115
0101111
01101113
01021125
01101125
0101121
021121
0121127
01021123
01101123
01121137
0121133
0121135
01021131
01101131
01041145
01101145
0101141
041141
0141147
01041143
01101143
01141157
0141153
0141155
01041151
01101151
01061167
01121167
0121163
061163
01141167
0141163
0121165
061165
0141165
01041161
01101161
01021161
0141171
01061175
01121175
01141175
0121171
061171
0161177
01061173
01121173
01141173
0201203
01201207
0201205
01001201
01201215
0201211
01201213
01201225
0201221
01021225
021221
0221227
01201223
01021223
01221237
0221233
0221235
01201231
01021231
01201245
0201241
01041245
041241
0241247
01201243
01041243
01241257
0241253
0241255
01201251
01041251
01221267
0221263
01241267
0241263
01061267
061263
0221265
0241265
01201261
061265
01041261
01021261
01221275
01241275
0221271
0241271
01061275
061271
0261277
01221273
01241273
01061273
01201305
0201301
01101305
0101301
0301307
01201303
01101303
01301317
0301313
0301315
01201311
01101311
01221327
0221323
01301327
0301323
01121327
0121323
0221325
0301325
01201321
0121325
01101321
01021321
01221335
01301335
0221331
0301331
01121335
0121331
0321337
01221333
01301333
01121333
01241347
0241343
01301347
0301343
01141347
0141343
0241345
0301345
01201341
0141345
01101341
01041341
01241355
01301355
0241351
0301351
01141355
0141351
0341357
01241353
01301353
01141353
01221365
01241365
01301365
0241361
0301361
0221361
01121365
01061365
01141365
0141361
0121361
061361
0261367
0321367
01221363
0341367
01241363
01301363
0161367
01121363
01061363
01141363
0341373
01321377
01341377
0321373
01261377
0261373
01161377
0161373
0341375
0321375
0261375
01221371
01241371
01301371
0161375
01121371
01141371
01061371
0401403
01401407
01001401
0401405
01401415
0401411
01401413
01021425
021421
01401425
0401421
0421427
01401423
01021423
0421433
01021431
0421435
01401431
01041445
041441
01401445
0401441
0441447
01401443
01041443
01441457
0441453
01041451
0441455
01401451
0421463
01441467
0441463
01061467
061463
061465
01041461
01021461
0421465
0441465
01401461
01061475
061471
01441475
0421471
0441471
0461477
01441473
01061473
01101505
0101501
01401505
0401501
0501507
01401503
01101503
01501517
0501513
01101511
0501515
01401511
0421523
01501527
0501523
01121527
0121523
0121525
01101521
01021521
0421525
0501525
01401521
01121535
0121531
01501535
0421531
0501531
0521537
01501533
01121533
01441547
0441543
01501547
0501543
01141547
0141543
0141545
01101541
01041541
0441545
0501545
01401541
01141555
0141551
01441555
01501555
0441551
0501551
0541557
01441553
01501553
01141553
01121565
01061565
01141565
0141561
0121561
061561
01441565
01501565
0441561
0501561
0421561
0461567
0521567
0541567
01441563
01501563
0161567
01121563
01061563
01141563
0541573
0461573
0521573
01541577
01161577
0161573
0161575
01121571
01061571
01141571
0521575
0461575
0541575
01441571
01501571
01201605
0201601
01401605
0401601
0601607
01401603
01201603
01601617
0601613
01201611
0601615
01401611
01601627
0601623
0421623
01221627
0221623
0221625
01201621
01021621
0601625
0421625
01401621
01221635
0221631
01601635
0601631
0421631
0621637
01601633
01221633
01601647
0601643
01441647
0441643
01241647
0241643
0241645
01201641
01041641
0601645
0441645
01401641
01241655
0241651
01601655
0601651
01441655
0441651
0641657
01601653
01441653
01241653
01221665
01241665
0241661
0221661
01061665
061661
01601665
0601661
01441665
0441661
0421661
0621667
0641667
01601663
0461667
01441663
0261667
01221663
01241663
01061663
0621673
01641677
0641673
0461673
01261677
0261673
0261675
01221671
01241671
01061671
0621675
0641675
01601671
0461675
01441671
01601707
0601703
01501707
0501703
01301707
0301703
0301705
01201701
01101701
0601705
0501705
01401701
01301715
0301711
01601715
0601711
01501715
0501711
0701717
01601713
01501713
01301713
01221725
01301725
0301721
0221721
01121725
0121721
01601725
0601721
01501725
0501721
0421721
0621727
0701727
01601723
0521727
01501723
0321727
01221723
01301723
01121723
0621733
0701733
0521733
01321737
0321733
0321735
01221731
01301731
01121731
0621735
0701735
01601731
0521735
01501731
01241745
01301745
0301741
0241741
01141745
0141741
01601745
0601741
01441745
01501745
0501741
0441741
0641747
0701747
01601743
0541747
01441743
01501743
0341747
01241743
01301743
01141743
01641757
0641753
0701753
01541757
0541753
01341757
0341753
0341755
01241751
01301751
01141751
0641755
0701755
01601751
0541755
01441751
01501751
0621763
01641767
0641763
0701763
0521763
0461763
01541767
01261767
01321767
0321763
0261763
01341767
0341763
01161767
0161763
0261765
0341765
01241761
01301761
01221761
0161765
01141761
01121761
01061761
0621765
0701765
01601761
0521765
0461765
0541765
01441761
01501761
0341771
01261775
01321775
01341775
0321771
0261771
01161775
0161771
01641775
0621771
0641771
01541775
0521771
0461771
0541771
01641773
0661777
0721777
0741777
0561777
01541773
01261773
01321773
01341773
0361777
01161773
02002
01002006
01002003
01002012
022023
01022027
022026
01002022
01022036
022032
01022033
042043
01042047
042046
01002042
01042056
042052
01042053
01022066
01042066
042062
022062
062067
01022063
01042063
01062077
062073
062076
01022072
01042072
0102103
01102107
0102106
01002102
01102116
0102112
01102113
01022126
01102126
0102122
022122
0122127
01022123
01102123
01122137
0122133
0122136
01022132
01102132
01042146
01102146
0102142
042142
0142147
01042143
01102143
01142157
0142153
0142156
01042152
01102152
01062167
01122167
0122163
062163
01142167
0142163
0122166
062166
0142166
01042162
01102162
01022162
01062176
01122176
01142176
0122172
062172
0142172
0162177
01062173
01122173
01142173
0202203
01202207
01002202
0202206
01202216
0202212
01202213
01022226
022222
01202226
0202222
0222227
01202223
01022223
0222233
01022232
0222236
01202232
01042246
042242
01202246
0202242
0242247
01202243
01042243
01242257
0242253
01042252
0242256
01202252
0222263
01242267
0242263
01062267
062263
062266
01042262
01022262
0222266
0242266
01202262
01062276
062272
01242276
0222272
0242272
0262277
01242273
01062273
01102306
0102302
01202306
0202302
0302307
01202303
01102303
01302317
0302313
01102312
0302316
01202312
0222323
01302327
0302323
01122327
0122323
0122326
01102322
01022322
0222326
0302326
01202322
01122336
0122332
01302336
0222332
0302332
0322337
01302333
01122333
01242347
0242343
01302347
0302343
01142347
0142343
0142346
01102342
01042342
0242346
0302346
01202342
01142356
0142352
01242356
01302356
0242352
0302352
0342357
01242353
01302353
01142353
01122366
01062366
01142366
0142362
0122362
062362
01242366
01302366
0242362
0302362
0222362
0262367
0322367
0342367
01242363
01302363
0162367
01122363
01062363
01142363
0322373
01342377
0342373
01162377
0162373
0162376
01122372
01062372
01142372
0262376
0322376
0342376
01242372
01302372
0402403
01402407
0402406
01002402
01402416
0402412
01402413
01402426
0402422
01022426
022422
0422427
01402423
01022423
01422437
0422433
0422436
01402432
01022432
01402446
0402442
01042446
042442
0442447
01402443
01042443
01442457
0442453
0442456
01402452
01042452
01422467
0422463
01442467
0442463
01062467
062463
0422466
0442466
01402462
062466
01042462
01022462
01422476
01442476
0422472
0442472
01062476
062472
0462477
01422473
01442473
01062473
01402506
0402502
01102506
0102502
0502507
01402503
01102503
01502517
0502513
0502516
01402512
01102512
01422527
0422523
01502527
0502523
01122527
0122523
0422526
0502526
01402522
0122526
01102522
01022522
01422536
01502536
0422532
0502532
01122536
0122532
0522537
01422533
01502533
01122533
01442547
0442543
01502547
0502543
01142547
0142543
0442546
0502546
01402542
0142546
01102542
01042542
01442556
01502556
0442552
0502552
01142556
0142552
0542557
01442553
01502553
01142553
01422566
01442566
01502566
0442562
0502562
0422562
01122566
01062566
01142566
0142562
0122562
062562
0462567
0522567
01422563
0542567
01442563
01502563
0162567
01122563
01062563
01142563
01462577
01522577
01542577
0522573
0542573
01162577
0162573
0522576
0462576
0542576
01422572
01442572
01502572
0162576
01122572
01062572
01142572
01402606
0402602
01202606
0202602
0602607
01402603
01202603
01602617
0602613
01402612
0602616
01202612
01602627
0602623
01422627
0422623
0222623
0422626
01402622
0602626
01022622
0222626
01202622
01422636
0422632
01602636
0602632
0222632
0622637
01602633
01422633
01602647
0602643
01442647
0442643
01242647
0242643
0442646
01402642
0602646
01042642
0242646
01202642
01442656
0442652
01602656
0602652
01242656
0242652
0642657
01602653
01442653
01242653
01422666
01442666
0442662
0422662
01602666
0602662
01062666
062662
01242666
0242662
0222662
0622667
0642667
01602663
0462667
01422663
01442663
0262667
01242663
01062663
0622673
01642677
0642673
01462677
0462673
0262673
0462676
01422672
01442672
0622676
0642676
01602672
01062672
0262676
01242672
01602707
0602703
01502707
0502703
01302707
0302703
0502706
01402702
0602706
01102702
0302706
01202702
01502716
0502712
01602716
0602712
01302716
0302712
0702717
01602713
01502713
01302713
01422726
01502726
0502722
0422722
01602726
0602722
01122726
0122722
01302726
0302722
0222722
0622727
0702727
01602723
0522727
01422723
01502723
0322727
01302723
01122723
0702733
01522737
0522733
0322733
0522736
01422732
01502732
0622736
0702736
01602732
01122732
0322736
01302732
01442746
01502746
0502742
0442742
01602746
0602742
01142746
0142742
01242746
01302746
0302742
0242742
0642747
0702747
01602743
0542747
01442743
01502743
0342747
01242743
01302743
01142743
01642757
0702753
01542757
0542753
01342757
0342753
0542756
01442752
01502752
0642756
0702756
01602752
01142752
0342756
01242752
01302752
0622763
01642767
0642763
0702763
01462767
01522767
0522763
0462763
01542767
0542763
0322763
0262763
01342767
01162767
0162763
0522766
0462766
0542766
01442762
01502762
01422762
0622766
0702766
01602762
0162766
01142762
01122762
01062762
0262766
0342766
01242762
01302762
01462776
01522776
01542776
0522772
0462772
0542772
01642776
0622772
0642772
01162776
0162772
01342776
0322772
0262772
0342772
0722777
0742777
01642773
0562777
01462773
01522773
01542773
0362777
01342773
01162773
03007
01003017
03013
01003027
03023
023037
01003033
01003047
03043
043057
01003053
043067
023067
01003063
01023077
01043077
043073
023073
01003107
03103
0103117
01003113
0103127
023127
01003123
01103137
01023137
0103133
023133
0103147
043147
01003143
01103157
01043157
0103153
043153
01043167
01103167
01023167
0103163
043163
023163
0123177
063177
0143177
01043173
01103173
01023173
01003207
03203
0203217
01003213
0203227
023227
01003223
01203237
0203233
01023237
023233
0203247
043247
01003243
01203257
0203253
01043257
043253
01203267
0203263
01043267
01023267
043263
023263
0223277
0243277
01203273
063277
01043273
01023273
0203307
0103307
01003303
01203317
0203313
01103317
0103313
01203327
0203323
01103327
01023327
0103323
023323
0223337
0303337
01203333
0123337
01103333
01023333
01203347
0203343
01103347
01043347
0103343
043343
0243357
0303357
01203353
0143357
01103353
01043353
0303367
0223367
01203363
0143367
0123367
063367
01103363
01043363
01023363
01303377
01243377
0243373
0223373
01063377
01123377
01143377
0143373
0123373
063373
01003407
03403
0403417
01003413
0403427
023427
01003423
01403437
0403433
01023437
023433
0403447
043447
01003443
01403457
0403453
01043457
043453
01403467
0403463
01043467
01023467
043463
023463
0443477
0423477
01403473
063477
01043473
01023473
0403507
0103507
01003503
01403517
0403513
01103517
0103513
01403527
0403523
01103527
01023527
0103523
023523
0503537
0423537
01403533
0123537
01103533
01023533
01403547
0403543
01103547
01043547
0103543
043543
0443557
0503557
01403553
0143557
01103553
01043553
0503567
0423567
01403563
0143567
063567
01103563
01043563
01023563
01503577
01443577
0443573
0423573
01123577
01143577
01063577
0143573
0123573
063573
0403607
0203607
01003603
01403617
0403613
01203617
0203613
01403627
0403623
01203627
0203623
01023627
023623
0603637
0423637
01403633
0223637
01203633
01023633
01403647
0403643
01203647
0203643
01043647
043643
0603657
0443657
01403653
0243657
01203653
01043653
0603667
0443667
0423667
01403663
0243667
01203663
063667
01043663
01023663
01603677
01443677
0443673
0423673
01243677
0243673
0223673
01063677
063673
01403707
0403703
01203707
0203703
01103707
0103703
0603717
0503717
01403713
0303717
01203713
01103713
0503727
0423727
01403723
0303727
0223727
01203723
0123727
01103723
01023723
01603737
0603733
01503737
0503733
0423733
01303737
0303733
0223733
01123737
0123733
0603747
0503747
0443747
01403743
0243747
01203743
0143747
01103743
01043743
01603757
0603753
01443757
01503757
0503753
0443753
01303757
01243757
0303753
0243753
01143757
0143753
01603767
0603763
01443767
01503767
0503763
0443763
0423763
01243767
01303767
0303763
0243763
0223763
01143767
01123767
01063767
0143763
0123763
0623777
01603773
0523777
0543777
0463777
01443773
01503773
0343777
0263777
01243773
01303773
0163777
01143773
01123773
01063773
01004005
01004006
04004
01004014
01004024
01024027
024025
024026
01024035
01024036
024034
01004044
01044047
044045
044046
01044055
01044056
044054
01024065
01044065
01024066
01044066
044064
024064
064067
01024074
01044074
01064077
064075
064076
01004104
01104107
0104105
0104106
01104115
01104116
0104114
01024125
01104125
01024126
01104126
0104124
024124
0124127
01024134
01104134
0124135
0124136
01044145
01104145
01044146
01104146
0104144
044144
0144147
01044154
01104154
01144157
0144155
0144156
01044164
01104164
01024164
01064167
01144167
0124165
064165
0144165
0124166
064166
0144166
01064175
01144175
01064176
01144176
0124174
064174
0144174
0164177
01004204
01204207
0204205
0204206
01204215
01204216
0204214
01204225
01024225
01024226
01204226
024224
0204224
0224227
01024234
01204234
01224237
0224235
0224236
01204245
01044245
01044246
01204246
044244
0204244
0244247
01044254
01204254
01244257
0244255
0244256
01044264
01024264
01204264
01224267
01244267
01064267
0224265
0244265
064265
064266
0224266
0244266
01224275
01244275
01064275
01064276
01224276
01244276
064274
0224274
0244274
0264277
01204305
01104305
01104306
01204306
0104304
0204304
0304307
01104314
01204314
01304317
0304315
0304316
01104324
01024324
01204324
01224327
01304327
0224325
0304325
0124325
0124326
0224326
0304326
01224335
01304335
01224336
01304336
0124334
0224334
0304334
0324337
01104344
01044344
01204344
01244347
01304347
01144347
0244345
0304345
0144345
0144346
0244346
0304346
01244355
01304355
01144355
01144356
01244356
01304356
0144354
0244354
0304354
0344357
01224365
01244365
01304365
01064365
01144365
01064366
01144366
01224366
01244366
01304366
0144364
0124364
064364
0244364
0304364
0224364
0264367
0324367
0344367
0164367
01064374
01144374
01224374
01244374
01304374
01264377
01344377
0324375
0344375
0164375
0164376
0264376
0324376
0344376
01004404
01404407
0404406
0404405
01404416
01404415
0404414
01404426
01024425
01024426
01404425
024424
0424427
0404424
01024434
01424437
01404434
0424436
0424435
01404446
01044445
01044446
01404445
044444
0444447
0404444
01044454
01404454
0444456
0444455
01044464
01024464
01424467
01404464
01064467
0424466
0444466
064465
064466
0424465
0444465
01424476
01064475
01064476
01424475
064474
0464477
0424474
0444474
01404506
01104505
01104506
01404505
0104504
0504507
0404504
01104514
01504517
01404514
0504516
0504515
01104524
01024524
01424527
01504527
01404524
0424526
0504526
0124525
0124526
0424525
0504525
01424536
01504536
01424535
01504535
0124534
0524537
0424534
0504534
01104544
01044544
01504547
01404544
01144547
0444546
0504546
0144545
0144546
0444545
0504545
01504556
01144555
01144556
01504555
0144554
0544557
0444554
0504554
01424566
01504566
01064565
01144565
01064566
01144566
01424565
01504565
0144564
0124564
064564
0464567
0524567
0544567
0444564
0504564
0424564
0164567
01064574
01144574
01424574
01504574
0464576
0524576
0544576
0164575
0164576
0524575
0544575
01204605
01404606
01404605
01204606
0604607
0204604
0404604
01604617
01204614
01404614
0604616
0604615
01604627
01024624
01424627
01204624
01224627
01404624
0224625
0424626
0604626
0604625
0424625
0224626
01224635
01424636
01604636
01604635
01424635
01224636
0624637
0224634
0424634
0604634
01604647
01044644
01204644
01244647
01404644
0244645
0444646
0604646
0604645
0444645
0244646
01244655
01604656
01604655
01244656
0644657
0244654
0444654
0604654
01224665
01244665
01424666
01064665
01604666
01604665
01064666
01424665
01224666
01244666
0624667
0644667
064664
0464667
0244664
0224664
0264667
0444664
0424664
0604664
01624677
01064674
01224674
01244674
01264677
01424674
01604674
0264675
0464676
0624676
0644676
0624675
0644675
0464675
0264676
01604707
01104704
01504707
01204704
01304707
01404704
0304705
0504706
0604706
0604705
0504705
0304706
01304715
01504716
01604716
01604715
01504715
01304716
0704717
0304714
0504714
0604714
01224725
01304725
01424726
01504726
01604726
01604725
01424725
01504725
01224726
01304726
0624727
0704727
0124724
0524727
0304724
0224724
0324727
0504724
0424724
0604724
01624737
01224734
01304734
01424734
01504734
01604734
0324735
0524736
0624736
0704736
0704735
0524735
0324736
01244745
01304745
01504746
01144745
01604746
01604745
01144746
01504745
01244746
01304746
0644747
0704747
0144744
0544747
0304744
0244744
0344747
0504744
0444744
0604744
01144754
01244754
01304754
01344757
01504754
01604754
0344755
0544756
0644756
0704756
0704755
0544755
0344756
01624767
01144764
01064764
01244764
01304764
01224764
01264767
01344767
01504764
01424764
01604764
0324765
0264765
0524766
0464766
0164765
0624766
0644766
0704766
0624765
0644765
0704765
0164766
0524765
0464765
0544765
0324766
0264766
0344766
01264775
01344775
01624776
01624775
01264776
01344776
0724777
0744777
0164774
0324774
0264774
0344774
0564777
0364777
0524774
0464774
0544774
0624774
0644774
05007
01005017
05015
01005027
05025
01005035
025037
01005047
05045
01005055
045057
01005065
045067
025067
01025077
01045077
045075
025075
01005107
05105
01005115
0105117
01005125
0105127
025127
01025137
01105137
0105135
025135
01005145
0105147
045147
01045157
01105157
0105155
045155
01045167
01105167
01025167
0105165
045165
025165
01045175
01105175
01025175
0125177
065177
0145177
01005207
05205
01005215
0205217
01005225
0205227
025227
01205237
01025237
0205235
025235
01005245
0205247
045247
01205257
01045257
0205255
045255
01205267
01045267
01025267
0205265
045265
025265
01205275
01045275
01025275
0245277
0225277
065277
01005305
0205307
0105307
01205317
01105317
0205315
0105315
01205327
01105327
01025327
0205325
0105325
025325
01205335
01105335
01025335
0305337
0225337
0125337
01205347
01105347
01045347
0205345
0105345
045345
01205355
01105355
01045355
0305357
0245357
0145357
01205365
01105365
01045365
01025365
0305367
0245367
0225367
0125367
065367
01245377
01225377
01305377
01065377
01145377
0245375
0225375
0145375
0125375
065375
01005407
05405
01005415
0405417
01005425
0405427
025427
01405437
01025437
025435
0405435
01005445
0405447
045447
01405457
01045457
045455
0405455
01405467
01045467
01025467
045465
025465
0405465
01045475
01025475
01405475
0445477
0425477
065477
01005505
0405507
0105507
01405517
01105517
0105515
0405515
01405527
01105527
01025527
0105525
025525
0405525
01105535
01025535
01405535
0505537
0425537
0125537
01405547
01105547
01045547
0105545
045545
0405545
01105555
01045555
01405555
0505557
0445557
0145557
01105565
01045565
01025565
01405565
0445567
0505567
0425567
0145567
0125567
065567
01505577
01065577
01145577
0145575
0125575
065575
0445575
0425575
01005605
0405607
0205607
01405617
01205617
0205615
0405615
01405627
01205627
01025627
0205625
025625
0405625
01205635
01025635
01405635
0605637
0425637
0225637
01405647
01205647
01045647
0205645
045645
0405645
01205655
01045655
01405655
0605657
0445657
0245657
01205665
01045665
01025665
01405665
0605667
0425667
0245667
0225667
065667
01605677
01225677
01245677
01065677
0245675
0225675
065675
0445675
0425675
01405707
01205707
01105707
0205705
0105705
0405705
01205715
01105715
01405715
0605717
0505717
0305717
01205725
01105725
01025725
01405725
0605727
0425727
0305727
0225727
0125727
01605737
01505737
01225737
01305737
0305735
0225735
0125735
0605735
0505735
0425735
01205745
01105745
01045745
01405745
0605747
0505747
0445747
0305747
0245747
0145747
01605757
01505757
01245757
01305757
01145757
0305755
0245755
0145755
0605755
0505755
0445755
01605767
01505767
01245767
01305767
01225767
01145767
01065767
0305765
0245765
0225765
0145765
0125765
0605765
0505765
0445765
0425765
01245775
01305775
01225775
01145775
01065775
01605775
01505775
0645777
0625777
0465777
0525777
0325777
0265777
0345777
0165777
06007
01006017
06016
01006027
06026
01006036
026037
01006047
06046
01006056
046057
01006066
046067
026067
01026077
01046077
046076
026076
01006107
06106
01006116
0106117
01006126
0106127
026127
01026137
01106137
0106136
026136
01006146
0106147
046147
01046157
01106157
0106156
046156
01046167
01106167
01026167
0106166
046166
026166
01046176
01106176
01026176
0126177
0146177
01006207
06206
01006216
0206217
01006226
0206227
026227
01206237
01026237
026236
0206236
01006246
0206247
046247
01206257
01046257
046256
0206256
01206267
01046267
01026267
046266
026266
0206266
01046276
01026276
01206276
0226277
0246277
066277
01006306
0206307
0106307
01206317
01106317
0106316
0206316
01206327
01106327
01026327
0106326
026326
0206326
01106336
01026336
01206336
0306337
0126337
01206347
01106347
01046347
0106346
046346
0206346
01106356
01046356
01206356
0306357
0146357
01106366
01046366
01026366
01206366
0246367
0306367
0226367
0146367
0126367
066367
01246377
01306377
01066377
01146377
0146376
0126376
066376
0246376
0226376
01006407
06406
01006416
0406417
01006426
0406427
026427
01406437
01026437
0406436
026436
01006446
0406447
046447
01406457
01046457
0406456
046456
01406467
01046467
01026467
0406466
046466
026466
01406476
01046476
01026476
0426477
0446477
066477
01006506
0406507
0106507
01406517
01106517
0406516
0106516
01406527
01106527
01026527
0406526
0106526
026526
01406536
01106536
01026536
0506537
0126537
01406547
01106547
01046547
0406546
0106546
046546
01406556
01106556
01046556
0506557
0146557
01406566
01106566
01046566
01026566
0446567
0506567
0426567
0126567
066567
01426577
01506577
01066577
01146577
0446576
0426576
0146576
0126576
066576
01006606
0406607
0206607
01406617
01206617
0406616
0206616
01406627
01206627
01026627
0406626
026626
0206626
01406636
01026636
01206636
0606637
0426637
0226637
01406647
01206647
01046647
0406646
046646
0206646
01406656
01046656
01206656
0606657
0446657
0246657
01406666
01046666
01026666
01206666
0606667
0446667
0426667
0226667
066667
01606677
01426677
01246677
01066677
0446676
0426676
066676
0246676
0226676
01406707
01206707
01106707
0406706
0106706
0206706
01406716
01106716
01206716
0506717
0306717
01406726
01106726
01026726
01206726
0606727
0506727
0426727
0226727
0126727
01606737
01426737
01506737
01306737
0506736
0426736
0606736
0126736
0306736
0226736
01406746
01106746
01046746
01206746
0606747
0506747
0446747
0306747
0246747
0146747
01606757
01506757
01246757
01306757
01146757
0506756
0446756
0606756
0146756
0306756
0246756
01606767
01506767
01426767
01246767
01306767
01146767
01066767
0506766
0446766
0426766
0606766
0146766
0126766
0306766
0246766
0226766
01506776
01426776
01606776
01146776
01066776
01246776
01306776
0526777
0546777
0326777
0166777
07037
07057
07067
07117
07127
07147
027177
047177
07217
07227
07247
047277
027277
07307
0207337
0107337
027337
0207357
0107357
047357
0207367
0107367
047367
027367
07417
07427
07447
047477
027477
07507
0407537
0107537
027537
0407557
0107557
047557
0407567
0107567
047567
027567
07607
0407637
0207637
027637
0407657
0207657
047657
0407667
0207667
047667
027667
0407717
0207717
0107717
0407727
0207727
0107727
0407747
0207747
0107747
0447777
0427777
0247777
0227777
0147777
0127777
010010
01010014
01010011
01010012
030031
01030035
030032
01030036
030034
01010030
01030033
050051
01050055
050052
01050056
050054
01010050
01050053
01030074
01050074
050070
030070
070073
070075
01030071
01050071
070076
01030072
01050072
0110111
01110115
0110112
01110116
0110114
01010110
01110113
01030134
01110134
0110130
030130
0130133
01130137
0130135
01030131
01110131
0130136
01030132
01110132
01050154
01110154
0110150
050150
0150153
01150157
0150155
01050151
01110151
0150156
01050152
01110152
01130175
0130171
070171
01150175
0150171
01130176
0130172
070172
01150176
0150172
0130174
070174
0150174
01050170
01110170
01030170
01130173
01150173
0210211
01210215
0210212
01210216
01010210
0210214
01210213
01030234
030230
01210234
0210230
0230233
01230237
0230235
01210231
01030231
01030232
0230236
01210232
01050254
050250
01210254
0210250
0250253
01250257
0250255
01210251
01050251
01050252
0250256
01210252
01230275
0230271
01250275
0250271
070271
070272
01230276
0230272
01250276
0250272
070274
01050270
01030270
0230274
0250274
01210270
01230273
01250273
01110314
0110310
01210314
0210310
0310313
01310317
0310315
01210311
01110311
01110312
0310316
01210312
01230335
0230331
01310335
0310331
01130335
0130331
01130336
0130332
01230336
0230332
01310336
0310332
0130334
01110330
01030330
0230334
0310334
01210330
01230333
01310333
01130333
01250355
0250351
01310355
0310351
01150355
0150351
01150356
0150352
01250356
0250352
01310356
0310352
0150354
01110350
01050350
0250354
0310354
01210350
01250353
01310353
01150353
01130374
01150374
0150370
0130370
070370
01230374
01250374
01310374
0250370
0310370
0230370
0330373
01330377
0270373
0350373
01350377
0170373
0330375
0270375
01230371
0350375
01250371
01310371
0170375
01130371
01150371
0170376
01130372
01150372
0330376
0270376
01230372
0350376
01250372
01310372
0410412
01410416
0410411
01410415
01010410
01410413
0410414
01030434
030430
0430433
01430437
01410434
0410430
0430436
01410432
01030431
01030432
0430435
01410431
01050454
050450
0450453
01450457
01410454
0410450
0450456
01410452
01050451
01050452
0450455
01410451
01430476
0430472
01450476
0450472
070471
070472
01430475
0430471
01450475
0450471
070474
01050470
01030470
01430473
01450473
0430474
0450474
01410470
01110514
0110510
0510513
01510517
01410514
0410510
0510516
01410512
01110511
01110512
0510515
01410511
01430536
0430532
01510536
0510532
01130535
0130531
01130536
0130532
01430535
0430531
01510535
0510531
0130534
01110530
01030530
01430533
01510533
0430534
0510534
01410530
01130533
01450556
0450552
01510556
0510552
01150555
0150551
01150556
0150552
01450555
0450551
01510555
0510551
0150554
01110550
01050550
01450553
01510553
0450554
0510554
01410550
01150553
01130574
01150574
0150570
0130570
070570
0530573
01530577
0470573
0550573
01550577
01430574
01450574
01510574
0450570
0510570
0430570
0170573
0530576
0470576
01430572
0550576
01450572
01510572
0170575
01130571
01150571
0170576
01130572
01150572
0530575
0470575
01430571
0550575
01450571
01510571
0610613
01610617
01210614
0210610
01410614
0410610
01210611
01410612
0610616
0610615
01410611
01210612
01230635
0230631
01430636
0430632
01610636
0610632
01610635
0610631
01430635
0430631
01230636
0230632
01610633
01030630
01430633
0230634
01210630
01230633
0430634
01410630
0610634
01250655
0250651
01450656
0450652
01610656
0610652
01610655
0610651
01450655
0450651
01250656
0250652
01610653
01050650
01450653
0250654
01210650
01250653
0450654
01410650
0610654
0630673
01630677
0650673
01650677
070670
0470673
01230674
01250674
0250670
0230670
0270673
01430674
01450674
0450670
0430670
01610674
0610670
0270675
01230671
01250671
0470676
01430672
01450672
0630676
0650676
01610672
0630675
0650675
01610671
0470675
01430671
01450671
0270676
01230672
01250672
01310715
0310711
01510716
0510712
01610716
0610712
01610715
0610711
01510715
0510711
01310716
0310712
01610713
01110710
01510713
0310714
01210710
01310713
0510714
01410710
0610714
0630733
01630737
0710733
01130734
0130730
0530733
01530737
01230734
01310734
0310730
0230730
0330733
01330737
01430734
01510734
0510730
0430730
01610734
0610730
0330735
01230731
01310731
0530736
01430732
01510732
01130731
0630736
0710736
01610732
0630735
0710735
01610731
01130732
0530735
01430731
01510731
0330736
01230732
01310732
0650753
01650757
0710753
01150754
0150750
0550753
01550757
01250754
01310754
0310750
0250750
0350753
01350757
01450754
01510754
0510750
0450750
01610754
0610750
0350755
01250751
01310751
0550756
01450752
01510752
01150751
0650756
0710756
01610752
0650755
0710755
01610751
01150752
0550755
01450751
01510751
0350756
01250752
01310752
01330775
0330771
0270771
01350775
01530776
0530772
0470772
01550776
0170771
01630776
0630772
01650776
0650772
0710772
01630775
0630771
01650775
0650771
0710771
0170772
0530771
01530775
0470771
0350772
01550775
0550771
01330776
0330772
0270772
01350776
01630773
01650773
0170774
01150770
01130770
01530773
01550773
0270774
0350774
01250770
01310770
01230770
01330773
01350773
0530774
0470774
0550774
01450770
01510770
01430770
0630774
0710774
01610770
011013
01011017
011015
01011035
011031
031037
01011033
01011055
011051
051057
01011053
01031077
01051077
051073
031073
051075
031075
01011071
01011115
011111
0111117
01011113
01031137
0111133
031133
0111135
031135
01011131
01051157
0111153
051153
0111155
051155
01011151
01051175
01031175
051171
031171
0111171
0131177
071177
0151177
01051173
01031173
01011215
011211
0211217
01011213
01211237
0211233
01031237
031233
0211235
031235
01011231
01211257
0211253
01051257
051253
0211255
051255
01011251
01211275
0211271
01051275
01031275
051271
031271
0231277
0251277
01211273
071277
01051273
01031273
01211317
0211313
0111313
0211315
0111315
01011311
01211335
0211331
01031335
0111331
031331
0231337
0311337
01211333
0131337
01031333
01211355
0211351
01051355
0111351
051351
0251357
0311357
01211353
0151357
01051353
01231377
01251377
0251373
0311373
0231373
0131373
071373
0311375
0231375
01211371
0131375
0151375
071375
01051371
01031371
01011415
011411
0411417
01011413
01411437
0411433
01031437
031433
031435
01011431
0411435
01411457
0411453
01051457
051453
051455
01011451
0411455
01051475
01031475
051471
031471
01411475
0411471
0431477
0451477
01411473
071477
01051473
01031473
01411517
0411513
0111513
0111515
01011511
0411515
01031535
0111531
031531
01411535
0411531
0431537
0511537
01411533
0131537
01031533
01051555
0111551
051551
01411555
0411551
0451557
0511557
01411553
0151557
01051553
01451577
0451573
0511573
0431573
0151573
0131573
071573
0151575
071575
01051571
01031571
0511575
0431575
01411571
01411617
0411613
01211617
0211613
0211615
01011611
0411615
01211635
0211631
01031635
031631
01411635
0411631
0611637
0431637
01411633
0231637
01211633
01031633
01211655
0211651
01051655
051651
01411655
0411651
0611657
0451657
01411653
0251657
01211653
01051653
01611677
0611673
01451677
0431673
01231677
01251677
0251673
0231673
071673
0251675
01211671
071675
01051671
01031671
0611675
0451675
0431675
01411671
01211715
0211711
0111711
01411715
0411711
0611717
0511717
01411713
0311717
01211713
01611737
0611733
0431733
01231737
0311733
0231733
0131733
0311735
0231735
01211731
0131735
01031731
0511735
0431735
01411731
01611757
0611753
01451757
0511753
0451753
01251757
0311753
0251753
0151753
0251755
01211751
0151755
01051751
0611755
0511755
0451755
01411751
01251775
01231775
0251771
0231771
0311771
0151771
0131771
01611775
0611771
01451775
0511771
0451771
0431771
0711777
0631777
01611773
0471777
01451773
0531777
0351777
0271777
01251773
01231773
0171777
012013
01012017
012016
01012036
012032
032037
01012033
01012056
012052
052057
01012053
01032077
01052077
052073
032073
052076
032076
01012072
01012116
012112
0112117
01012113
01032137
01112137
0112133
032133
0112136
032136
01012132
01052157
01112157
0112153
052153
0112156
052156
01012152
01052176
01112176
01032176
052172
0112172
032172
01052173
0132177
072177
0152177
01112173
01032173
01012216
012212
0212217
01012213
01212237
0212233
01032237
032233
032236
01012232
0212236
01212257
0212253
01052257
052253
052256
01012252
0212256
01052276
01032276
052272
032272
01212276
0212272
0232277
0252277
01212273
072277
01052273
01032273
01212317
0212313
01112317
0112313
0112316
01012312
0212316
01112336
01032336
0112332
032332
01212336
0212332
0232337
0312337
01212333
0132337
01112333
01032333
01112356
01052356
0112352
052352
01212356
0212352
0252357
0312357
01212353
0152357
01112353
01052353
01252377
01312377
0252373
0312373
0232373
01132377
01152377
0152373
0132373
072373
0152376
0132376
072376
01112372
01052372
01032372
0312376
0232376
01212372
01012416
012412
0412417
01012413
01412437
0412433
01032437
032433
0412436
032436
01012432
01412457
0412453
01052457
052453
0412456
052456
01012452
01412476
0412472
01052476
01032476
052472
032472
0432477
0452477
01412473
072477
01052473
01032473
01412517
0412513
01112517
0112513
0412516
0112516
01012512
01412536
0412532
01112536
01032536
0112532
032532
0432537
0512537
01412533
0132537
01112533
01032533
01412556
0412552
01112556
01052556
0112552
052552
0452557
0512557
01412553
0152557
01112553
01052553
01452577
01432577
01512577
0452573
0512573
0432573
01132577
01152577
0132573
072573
0512576
0432576
01412572
0152576
072576
01112572
01052572
01032572
01412617
0412613
01212617
0212613
0412616
01012612
0212616
01412636
0412632
01032636
032632
01212636
0212632
0612637
0432637
01412633
0232637
01212633
01032633
01412656
0412652
01052656
052652
01212656
0212652
0612657
0452657
01412653
0252657
01212653
01052653
01612677
0612673
01432677
01452677
0452673
0432673
01252677
0232673
072673
0452676
0432676
01412672
0612676
072676
01052672
01032672
0252676
01212672
01412716
0412712
01112716
0112712
01212716
0212712
0612717
0512717
01412713
0312717
01212713
01112713
01612737
0612733
01432737
01512737
0512733
0432733
01312737
0232733
01132737
0132733
0512736
0432736
01412732
0132736
01112732
01032732
0312736
0232736
01212732
01612757
0612753
01452757
01512757
0512753
0452753
01252757
01312757
0312753
0252753
01152757
0152753
0512756
0452756
01412752
0612756
0152756
01112752
01052752
0252756
01212752
01452776
01512776
01432776
0452772
0512772
0432772
01612776
0612772
01152776
01132776
0152772
0132772
01252776
01312776
0312772
0252772
0232772
0632777
0712777
01612773
01452773
0532777
0472777
0552777
01512773
01432773
0272777
01252773
01312773
0172777
01152773
01132773
013037
013057
01013077
013073
013117
01013137
013133
01013157
013153
0113177
033177
01013173
013217
01013237
013233
01013257
013253
0213277
053277
033277
01013273
01013317
013313
0113337
033337
01013333
0213357
0113357
053357
01013353
01213377
0213373
01033377
01053377
053373
033373
0113373
013417
01013437
013433
01013457
013453
0413477
053477
01013473
01013517
013513
0113537
033537
01013533
0413557
053557
01013553
01413577
0413573
01053577
01033577
053573
033573
0113573
01013617
013613
0413637
0213637
033637
01013633
0413657
053657
01013653
01413677
0413673
01213677
0213673
01053677
01033677
053673
033673
0413717
0213717
0113717
01013713
01413737
0413733
01213737
0213733
01033737
0113733
01413757
0413753
01213757
0213753
01053757
0113753
0513777
0433777
01413773
01213773
0153777
01053773
01033773
01014017
014015
014016
01014035
01014036
014034
034037
01014055
01014056
014054
054057
01014074
01034077
01054077
054075
034075
054076
034076
01014115
01014116
014114
0114117
01014134
01034137
01114137
0114135
034135
0114136
034136
01014154
01054157
01114157
0114155
054155
0114156
054156
01054175
01114175
01034175
01054176
01114176
01034176
0114174
054174
034174
0134177
074177
0154177
01014215
01014216
014214
0214217
01014234
01214237
01034237
0214235
034235
034236
0214236
01014254
01214257
01054257
0214255
054255
054256
0214256
01214275
01054275
01034275
01054276
01034276
01214276
054274
034274
0214274
0234277
0254277
074277
01014314
01214317
01114317
0214315
0114315
0114316
0214316
01214335
01114335
01034335
01114336
01034336
01214336
0114334
034334
0214334
0234337
0314337
0134337
01214355
01114355
01054355
01114356
01054356
01214356
0114354
054354
0214354
0254357
0314357
0154357
01114374
01054374
01034374
01214374
01234377
01254377
01314377
01154377
0254375
0314375
0234375
0154375
0134375
074375
0134376
074376
0254376
0314376
0234376
01014415
01014416
014414
0414417
01014434
01414437
01034437
0414436
034435
034436
0414435
01014454
01414457
01054457
0414456
054455
054456
0414455
01414476
01054475
01034475
01054476
01034476
01414475
054474
034474
0434477
0454477
0414474
074477
01014514
01414517
01114517
0414516
0114515
0114516
0414515
01414536
01114535
01034535
01114536
01034536
01414535
0114534
034534
0434537
0514537
0414534
0134537
01414556
01114555
01054555
01114556
01054556
01414555
0114554
054554
0454557
0514557
0414554
0154557
01114574
01054574
01034574
01434577
01514577
01414574
01154577
0454576
0514576
0434576
0134575
074575
0154576
0134576
074576
0454575
0514575
0434575
01014614
01414617
01214617
0214615
0414616
0414615
0214616
01214635
01414636
01034635
01034636
01414635
01214636
0614637
034634
0434637
0214634
0234637
0414634
01214655
01414656
01054655
01054656
01414655
01214656
0614657
054654
0454657
0214654
0254657
0414654
01614677
01054674
01034674
01434677
01214674
01234677
01254677
01414674
0234675
0434676
074675
0614676
0614675
074676
0454675
0434675
0254676
0234676
01214715
01414716
01114715
01114716
01414715
01214716
0614717
0114714
0514717
0214714
0314717
0414714
01614737
01114734
01034734
01434737
01514737
01214734
01234737
01314737
01414734
0234735
0434736
0134735
0614736
0614735
0134736
0514735
0434735
0314736
0234736
01614757
01114754
01054754
01514757
01214754
01254757
01314757
01414754
01154757
0314755
0254755
0514756
0454756
0154755
0614756
0614755
0154756
0514755
0454755
0314756
0254756
01254775
01314775
01234775
01514776
01434776
01154775
01614776
01614775
01154776
01514775
01434775
01254776
01314776
01234776
0634777
0654777
0714777
0154774
0134774
0534777
0474777
0314774
0254774
0234774
0334777
0274777
0514774
0454774
0434774
0174777
0614774
015037
015057
01015077
015075
015117
01015137
015135
01015157
015155
01015175
0115177
055177
035177
015217
01015237
015235
01015257
015255
01015275
0215277
035277
01015317
015315
01015335
0215337
035337
01015355
0215357
0115357
055357
01215377
01055377
01035377
0215375
0115375
055375
035375
015417
01015437
015435
01015457
015455
01015475
0415477
055477
035477
01015517
015515
01015535
0415537
0115537
035537
01015555
0415557
0115557
055557
01415577
01035577
01055577
0115575
055575
035575
0415575
01015617
015615
01015635
0215637
035637
01015655
0415657
0215657
055657
01415677
01215677
01055677
01035677
0215675
055675
035675
0415675
01015715
0415717
0215717
0115717
01415737
01215737
01035737
0215735
0115735
0415735
01415757
01215757
01055757
0215755
0115755
0415755
01215775
01055775
01035775
01415775
0615777
0435777
0315777
0255777
0235777
0135777
016037
016057
01016077
016076
016117
01016137
016136
01016157
016156
01016176
0116177
056177
036177
016217
01016237
016236
01016257
016256
01016276
0216277
056277
036277
01016317
016316
01016336
0216337
0116337
036337
01016356
0216357
0116357
056357
01216377
01116377
01056377
01036377
0116376
056376
036376
0216376
016417
01016437
016436
01016457
016456
01016476
0416477
036477
01016517
016516
01016536
0416537
036537
01016556
0416557
0116557
056557
01416577
01116577
01056577
01036577
0416576
0116576
056576
036576
01016617
016616
01016636
0416637
036637
01016656
0416657
0216657
056657
01416677
01216677
01056677
01036677
0416676
056676
036676
0216676
01016716
0416717
0216717
0116717
01416737
01216737
01116737
01036737
0416736
0116736
0216736
01416757
01216757
01116757
01056757
0416756
0116756
0216756
01416776
01116776
01056776
01036776
01216776
0616777
0516777
0456777
0436777
0236777
0136777
017177
017277
017337
017357
017477
017537
017557
017637
017657
0417777
0217777
0117777
