1000
36
90
77
28
69
75
4
75
47
61
96
17
75
37
55
59
30
82
2
27
35
14
90
84
1
16
46
78
65
76
33
7
85
42
39
64
56
55
27
95
82
2
100
94
85
60
89
40
22
84
92
25
100
22
36
90
56
75
5
18
99
71
55
40
38
41
26
87
41
42
68
72
87
1
56
63
16
55
48
52
50
32
98
13
18
43
29
43
18
63
49
90
33
74
26
96
74
82
60
25
73
59
5
22
2
13
97
61
97
43
78
34
14
88
51
3
53
84
75
86
84
2
15
7
80
80
27
90
5
77
98
50
24
61
88
60
68
39
24
72
59
88
60
29
61
76
62
99
15
72
88
81
99
89
2
54
92
62
33
95
26
64
100
54
82
10
30
17
79
57
81
22
9
36
54
5
24
62
97
91
78
79
72
96
2
43
67
8
13
76
28
90
89
22
84
28
17
67
39
65
22
65
35
61
94
65
79
48
18
91
90
46
56
8
18
33
53
16
2
37
16
88
87
20
83
71
37
41
34
56
6
49
77
10
55
67
52
53
8
94
3
25
58
28
94
22
46
48
72
42
39
100
59
87
92
11
50
11
84
15
6
2
32
1
8
62
15
1
59
42
71
83
79
14
76
32
46
93
59
74
47
10
31
14
32
64
99
53
91
26
87
57
51
56
19
13
71
51
20
96
76
18
33
65
13
21
56
95
9
13
45
26
52
13
74
11
45
93
67
56
16
1
98
77
81
80
26
37
19
84
88
41
65
98
31
64
45
34
61
90
70
39
76
46
54
63
49
20
57
27
8
66
42
49
36
23
73
75
31
48
41
26
88
20
85
56
14
44
11
43
54
56
35
51
68
70
74
2
55
52
83
51
97
69
54
67
36
15
1
9
20
87
8
18
6
48
100
31
25
56
74
96
57
40
60
39
20
18
50
67
99
68
41
98
6
48
1
48
85
38
85
64
69
77
12
35
37
59
60
53
75
61
81
65
81
29
96
88
32
85
6
82
42
80
68
83
74
88
55
86
34
98
67
83
77
95
50
71
6
42
69
88
75
58
80
56
88
11
97
83
58
59
62
37
7
60
38
29
60
16
45
72
20
58
84
69
91
23
8
42
61
83
11
24
13
65
28
52
100
16
33
45
95
70
45
49
22
60
79
36
16
5
43
27
55
79
70
70
91
32
41
79
7
32
81
26
54
52
90
1
39
30
66
14
74
43
19
95
67
20
27
6
42
28
98
91
24
36
76
55
87
12
4
50
98
80
5
4
4
45
95
89
37
56
12
70
35
88
8
18
87
52
20
38
17
24
92
97
26
6
5
98
84
41
50
40
18
88
16
44
33
100
42
47
5
81
2
69
64
17
22
70
47
92
6
56
77
81
85
72
70
45
19
77
71
79
70
33
76
52
13
44
22
32
34
20
68
84
29
48
71
24
62
14
18
49
80
60
80
2
87
70
77
66
62
12
64
24
66
8
91
2
74
67
29
10
77
71
37
56
23
9
72
41
21
81
46
31
62
89
74
32
70
91
41
72
50
8
14
71
76
5
81
24
98
63
81
31
5
92
5
52
15
39
65
3
22
60
93
58
14
46
12
14
63
85
46
60
47
54
72
98
12
61
61
32
64
96
99
71
69
36
62
87
94
89
68
55
90
24
27
13
37
2
100
20
96
91
14
18
98
10
5
67
23
43
99
66
72
18
88
8
14
19
85
85
34
97
76
54
78
22
21
79
78
7
53
47
23
47
81
56
57
90
86
58
32
14
94
39
38
10
46
18
39
8
84
67
93
8
99
52
12
85
33
89
32
24
16
20
80
57
62
8
33
100
12
31
17
30
100
41
54
62
58
97
2
3
52
77
37
50
48
45
49
1
9
14
32
74
43
49
30
93
66
96
65
10
100
36
56
78
79
4
39
27
57
48
82
10
52
17
84
77
1
29
69
7
52
70
77
41
28
73
93
96
90
36
4
57
24
21
90
35
27
28
58
99
59
78
66
57
44
36
63
14
4
66
45
71
100
8
73
93
35
14
6
10
9
10
69
7
93
62
97
73
28
40
87
42
43
62
83
9
43
78
97
35
29
54
89
34
68
22
94
82
63
59
71
93
59
86
13
9
7
31
7
79
36
55
84
22
12
16
55
67
42
24
31
1
73
89
17
66
33
70
55
46
13
63
92
34
65
52
50
37
17
54
86
64
52
75
97
4
41
86
52
62
35
44
63
32
6
59
22
69
15
71
32
29
42
53
39
81
53
52
72
28
52
77
