500
44
68
9
33
52
71
72
67
59
49
13
85
87
70
21
53
53
45
13
14
31
13
51
58
73
34
1
100
64
98
5
43
83
25
58
38
76
44
50
87
52
82
44
43
75
77
91
47
5
55
46
44
76
48
95
81
71
41
83
65
98
46
89
86
11
69
16
41
40
16
68
80
32
5
74
55
34
86
66
19
63
91
84
79
18
17
45
12
19
92
65
63
74
67
21
93
4
26
23
6
98
91
41
92
94
60
29
66
19
64
62
21
50
64
71
74
23
18
3
50
68
15
94
87
75
17
23
60
12
74
64
21
94
11
12
1
16
90
8
70
94
78
17
59
5
67
31
100
92
17
8
78
54
99
42
74
56
63
52
67
20
35
47
34
92
17
50
36
53
31
4
19
93
96
59
18
72
82
59
34
85
76
89
29
6
10
57
13
38
99
39
69
10
57
32
33
12
25
83
20
96
4
63
74
28
22
85
64
90
24
11
60
100
5
95
42
42
35
22
34
35
62
54
63
3
42
19
19
44
40
24
38
62
100
36
48
61
13
75
49
85
56
94
9
64
56
38
60
19
88
21
45
11
70
2
71
48
22
40
76
88
32
8
82
56
99
1
57
72
51
95
11
17
59
93
69
74
56
98
44
79
100
39
21
69
80
23
70
20
95
94
65
31
64
69
91
23
59
59
70
52
67
42
16
80
93
35
39
9
28
66
33
87
38
93
91
11
49
99
83
59
19
93
37
92
66
41
64
40
26
57
99
23
76
50
14
67
42
60
68
53
70
69
21
93
80
35
57
60
92
91
45
49
46
28
48
21
4
60
97
75
28
39
95
12
24
34
11
84
88
98
65
37
46
99
89
14
65
30
92
57
57
1
7
9
72
11
43
72
40
86
83
14
86
45
85
25
56
6
9
100
12
97
96
78
9
48
76
33
4
27
57
29
4
43
85
62
78
21
37
7
90
93
88
88
69
96
59
48
82
6
4
35
51
31
46
97
71
30
41
11
84
18
73
60
89
35
23
82
39
6
83
73
84
77
59
43
94
90
23
57
17
82
90
74
79
31
72
17
71
64
39
96
28
35
7
45
43
14
47
26
31
28
75
89
13
31
75
50
76
80
6
32
48
81
31
63
86
42
13
