1000
73
55
44
33
95
72
10
62
100
76
3
13
94
35
23
97
39
96
7
19
51
33
22
83
84
54
31
60
10
61
33
59
63
55
40
34
20
79
31
3
17
63
84
19
27
73
45
82
37
98
89
12
50
9
57
55
29
42
23
31
19
62
28
45
43
62
46
70
17
51
42
91
95
13
50
21
75
59
95
22
84
4
6
24
28
40
38
76
24
57
51
14
9
43
32
38
82
26
2
12
90
20
32
94
86
27
49
99
24
22
34
58
76
57
90
47
23
75
46
100
67
21
92
40
66
97
57
16
38
94
17
83
89
64
83
86
17
97
25
34
33
24
27
19
38
55
87
70
84
87
56
76
22
18
88
68
64
49
38
72
83
77
21
69
54
82
26
45
8
82
76
81
2
30
66
29
15
100
27
58
92
85
17
69
70
44
73
45
46
10
57
40
24
54
64
35
51
68
44
15
28
64
81
6
72
43
16
71
24
19
26
9
92
24
70
52
24
25
79
73
18
68
75
49
66
98
57
36
92
69
50
42
79
54
98
85
87
90
62
95
54
99
34
19
75
55
18
53
53
25
91
10
6
67
88
48
58
59
16
52
60
23
67
86
78
42
35
73
23
49
83
97
82
100
43
98
63
33
98
96
52
20
94
38
42
56
20
62
92
74
22
44
64
34
75
32
2
46
65
28
52
16
10
70
51
8
52
39
65
9
99
6
90
4
52
3
87
95
64
58
83
19
64
79
86
15
27
24
88
47
78
26
66
12
88
41
64
83
98
64
77
98
35
79
60
63
21
3
33
31
33
53
95
81
97
16
42
54
32
38
33
40
89
52
16
78
58
60
77
81
5
31
27
83
31
31
21
78
71
5
8
21
7
20
15
95
54
52
32
84
96
100
77
36
75
93
54
48
94
26
49
89
29
74
46
92
55
14
80
46
29
16
95
67
62
82
21
72
79
70
38
79
34
20
35
58
4
79
100
7
63
10
20
97
65
91
6
16
13
28
42
19
39
19
63
71
50
63
90
10
22
91
89
53
22
32
9
85
77
29
74
99
79
74
72
99
80
87
96
57
58
96
60
81
99
42
49
94
65
95
32
2
11
4
62
74
70
13
73
41
44
34
31
51
40
32
82
24
46
80
71
1
62
79
6
52
99
38
15
33
86
35
100
25
67
88
96
30
26
16
8
67
88
4
16
86
62
8
10
88
8
23
20
64
7
19
63
51
11
95
91
6
98
97
77
12
66
93
34
47
53
50
9
77
66
46
4
55
22
22
72
85
96
46
4
76
59
36
53
82
79
49
56
25
80
25
97
78
5
37
88
75
70
12
19
3
9
99
99
43
100
59
16
50
62
27
27
51
29
70
44
82
2
90
73
7
52
94
29
47
74
15
77
14
39
27
5
6
10
86
82
56
25
15
32
55
97
4
64
23
3
50
62
78
76
33
17
11
69
98
68
67
3
40
35
23
7
83
58
11
7
99
38
38
9
92
20
43
86
87
76
10
21
36
80
9
45
98
38
23
5
9
86
13
83
88
19
55
22
99
88
18
2
57
94
23
30
54
21
53
22
71
47
2
68
67
8
100
32
86
92
41
2
2
39
76
59
55
17
76
88
35
82
7
68
77
87
21
77
48
77
73
56
4
1
72
96
63
35
42
57
45
85
92
29
9
54
83
40
34
8
67
67
13
92
63
79
84
100
51
82
61
45
75
33
41
86
33
27
33
20
39
13
85
78
92
26
38
62
29
2
2
98
28
74
44
12
40
41
18
90
42
65
82
43
13
59
46
46
97
35
97
51
55
39
81
34
28
95
34
86
47
27
25
23
48
79
82
27
29
51
14
71
33
94
28
83
40
42
46
44
4
8
51
90
33
95
12
65
77
89
50
87
69
76
69
46
56
94
69
57
21
61
68
56
3
37
35
37
81
44
26
67
20
95
78
22
60
86
74
77
9
95
3
59
47
10
85
67
39
15
71
94
78
67
51
44
83
83
58
96
3
31
30
78
40
48
75
64
27
28
13
5
67
50
40
11
84
32
89
83
37
3
59
92
91
53
33
20
48
53
26
50
71
28
85
41
88
68
73
49
20
20
69
29
56
5
81
21
44
14
74
76
60
62
48
57
5
60
24
60
8
69
85
23
55
85
100
38
80
46
93
11
84
21
15
15
54
97
69
84
92
16
61
83
100
33
98
25
65
46
62
97
87
27
59
44
100
18
9
83
62
100
72
96
10
20
29
19
27
44
96
13
34
5
96
6
77
39
72
