1000
43
38
79
85
36
25
99
27
2
2
57
90
77
56
4
11
39
7
26
73
73
96
51
48
22
72
54
24
95
25
29
32
85
85
10
10
96
5
66
38
71
99
81
37
24
21
28
47
57
13
58
37
24
15
31
41
29
88
67
30
38
93
84
56
7
67
76
69
99
16
55
10
10
51
22
21
48
7
68
71
41
15
4
82
33
78
100
5
45
31
92
47
37
96
4
9
96
92
97
19
63
88
74
73
36
6
97
42
17
59
56
95
17
14
3
57
29
28
21
72
78
44
4
2
81
24
55
37
22
34
79
6
88
89
8
70
75
90
26
92
55
47
45
10
47
8
40
43
24
54
37
34
20
21
65
70
97
75
90
13
15
49
15
86
3
2
70
19
68
75
56
17
5
10
42
92
84
59
31
22
69
14
40
53
31
36
25
19
43
29
67
11
52
58
54
21
84
68
75
86
81
99
38
79
39
73
74
17
18
99
80
54
31
9
42
53
74
38
96
29
100
27
30
2
85
78
44
70
73
3
85
13
4
80
40
53
36
76
30
4
21
3
86
76
76
11
18
8
88
43
16
78
72
18
30
87
70
83
95
96
66
71
38
19
10
15
22
9
27
71
40
81
84
92
92
31
12
20
87
39
80
32
26
26
96
75
80
66
37
28
19
86
25
20
28
100
60
31
1
33
45
6
82
9
6
75
71
75
7
97
63
62
64
81
77
86
76
67
43
22
19
90
90
81
31
25
82
87
56
46
51
43
19
10
69
49
55
35
29
40
69
15
63
78
10
37
38
11
64
26
43
40
19
18
84
52
74
8
4
88
44
16
88
14
91
25
15
50
51
83
94
88
42
69
24
33
10
53
26
47
8
100
42
44
96
87
64
22
97
83
31
88
20
94
25
36
47
32
44
35
55
83
31
98
40
47
53
55
61
4
58
51
89
28
85
87
19
59
6
65
51
42
78
32
22
91
46
91
34
79
67
81
75
49
6
92
40
26
32
88
81
88
61
28
6
75
100
12
34
41
19
19
75
8
8
27
20
29
47
95
70
45
65
68
99
79
5
51
19
84
28
45
25
76
40
24
96
79
96
5
50
84
99
59
83
95
89
12
7
30
84
23
47
22
68
35
44
26
98
15
28
46
53
40
92
23
85
94
3
90
42
57
72
13
35
16
69
72
36
53
45
73
66
7
52
69
23
51
1
73
59
73
45
92
58
33
75
4
81
53
80
4
42
87
44
12
68
20
19
46
50
63
100
92
24
51
47
48
88
84
84
91
59
10
83
15
27
94
77
13
79
13
65
31
89
86
62
13
22
42
6
30
85
34
29
43
61
80
2
27
79
50
78
16
71
59
27
84
58
7
7
45
99
85
95
2
64
21
33
36
72
69
71
31
76
61
12
5
76
41
64
28
42
26
22
37
21
78
95
41
55
40
91
81
53
88
45
13
74
88
34
41
85
93
62
25
95
3
50
87
57
29
32
30
50
59
20
91
88
56
35
12
14
55
52
19
38
52
3
48
44
30
76
12
2
42
17
36
78
36
78
82
14
72
56
56
24
37
8
93
9
19
76
3
1
22
75
64
11
8
40
44
56
88
90
38
93
18
89
17
4
67
78
87
16
72
20
4
82
67
10
52
95
48
77
39
93
51
33
32
68
76
34
27
39
18
27
46
74
51
68
30
2
61
92
65
8
54
85
62
54
51
94
77
51
81
32
36
29
63
56
69
93
38
62
4
22
86
12
15
86
75
65
10
34
1
33
34
53
94
29
45
69
20
88
67
29
64
52
50
62
90
58
47
19
100
7
3
8
19
54
94
40
14
42
11
83
22
33
51
100
19
10
76
98
63
11
45
93
94
86
36
51
72
75
39
56
95
49
6
97
85
13
27
6
82
18
45
27
8
14
31
83
15
43
27
80
19
60
50
45
97
51
43
88
24
26
50
11
44
65
45
26
55
91
64
45
5
1
45
46
9
16
58
84
11
64
24
63
97
87
90
91
9
96
92
88
71
59
67
50
32
9
57
65
24
23
82
12
23
43
4
81
6
77
70
30
84
30
15
27
87
11
60
94
58
34
78
46
64
59
26
69
85
86
68
21
27
86
37
37
17
10
78
51
78
85
82
94
39
94
39
36
4
84
50
39
84
86
58
76
39
33
28
96
55
73
34
89
34
10
55
92
15
45
26
95
12
67
74
92
92
81
57
35
49
88
27
18
75
48
21
25
17
15
13
84
13
82
87
73
27
25
3
97
66
91
79
98
30
