1000
35
35
100
91
1
32
18
80
2
43
95
65
53
73
80
100
53
52
38
22
9
91
69
54
81
1
65
59
71
73
94
22
44
15
10
37
14
55
47
46
33
92
10
65
52
49
9
86
14
66
21
76
11
71
87
2
50
12
59
86
4
28
8
99
50
76
95
31
8
41
94
73
85
7
65
83
41
61
39
62
3
17
36
5
32
54
91
13
6
61
67
83
52
19
86
12
46
2
88
34
6
66
20
32
83
30
92
52
83
68
81
38
66
63
8
95
39
32
88
5
24
29
53
93
5
4
33
49
57
60
5
86
67
32
8
70
50
73
57
51
16
44
79
90
57
96
29
59
46
9
86
75
35
70
67
38
66
61
60
67
9
89
98
100
21
21
13
82
3
32
60
65
30
92
16
21
14
5
4
67
67
12
100
86
80
94
32
94
50
36
31
83
81
31
29
77
64
3
86
5
68
29
79
35
87
19
89
91
87
46
29
88
68
72
20
54
72
50
92
21
14
34
45
4
46
15
69
37
23
96
1
32
84
47
3
62
35
71
16
56
40
62
53
49
84
4
71
39
42
31
49
31
67
40
50
68
29
37
74
60
7
17
65
38
17
69
95
61
18
1
56
6
77
16
75
87
47
70
7
28
32
97
90
38
2
48
69
48
44
21
69
70
67
52
99
12
84
14
75
8
23
23
52
32
11
6
75
42
52
58
85
90
52
76
5
64
35
96
13
53
93
55
45
96
13
7
60
21
55
87
21
68
75
7
71
26
16
61
87
94
32
25
82
24
7
81
34
52
15
42
80
12
12
33
68
34
58
75
55
51
99
50
90
25
12
15
42
93
83
82
32
21
2
22
88
53
78
11
1
23
10
66
95
67
96
23
23
19
48
7
93
42
11
63
95
44
11
73
76
68
21
44
96
56
4
2
94
73
57
36
32
99
47
63
76
6
28
84
94
8
21
69
61
83
13
44
24
48
54
26
98
71
79
95
88
94
98
100
32
61
14
72
74
63
63
65
93
85
95
31
15
75
78
42
55
15
47
70
4
86
9
41
30
13
41
61
92
91
86
75
75
81
83
55
8
5
49
21
30
39
55
100
26
60
95
14
91
44
99
97
53
61
4
73
97
53
87
90
28
36
91
90
71
56
88
72
63
74
13
39
82
71
3
4
90
76
98
44
60
59
46
95
20
1
58
71
79
70
55
86
64
94
75
81
83
75
70
33
17
65
66
70
9
8
55
95
34
63
74
29
60
19
69
82
75
95
7
84
10
43
22
18
4
25
77
81
77
99
71
35
96
57
66
39
24
65
69
39
34
75
38
30
22
27
25
27
38
63
48
90
34
26
33
74
75
88
36
92
64
42
67
2
63
45
89
1
55
66
99
49
36
39
3
28
50
18
8
63
40
88
37
14
66
46
14
49
69
12
30
60
70
84
37
9
28
100
59
48
96
86
55
21
83
79
27
91
76
63
87
43
57
22
4
87
6
12
13
46
52
63
29
22
35
36
84
23
1
5
17
20
100
61
91
35
42
80
43
69
46
26
45
25
36
20
97
18
69
53
100
26
20
50
41
81
51
16
88
28
29
90
30
77
37
48
99
73
16
47
43
11
7
58
50
88
67
60
72
53
82
77
38
3
33
75
84
17
58
6
39
7
92
93
47
11
99
3
36
74
83
31
27
72
38
10
69
26
48
49
79
12
23
69
29
97
44
21
69
83
9
60
95
35
75
77
21
62
69
10
29
96
22
33
57
13
29
85
98
74
8
42
85
1
35
82
94
26
95
21
95
88
90
35
48
54
74
27
53
52
38
11
42
10
6
85
9
90
18
96
86
63
47
72
86
13
19
74
22
87
36
75
81
16
1
23
12
37
90
68
25
94
76
55
80
50
62
61
5
23
75
39
45
2
62
74
91
55
47
76
74
77
54
16
13
3
13
88
48
22
79
92
70
41
71
45
86
47
41
88
37
43
23
80
31
56
50
7
19
72
92
86
67
100
45
75
39
4
5
55
23
29
1
3
95
6
12
31
56
59
20
17
44
81
40
67
45
65
90
25
83
64
56
11
89
59
54
46
69
67
29
20
96
81
32
89
75
37
79
80
60
5
79
87
82
53
84
79
29
71
70
87
26
60
44
90
76
20
74
41
83
50
95
8
13
72
94
20
75
46
3
9
86
45
37
32
96
84
14
30
73
79
96
62
96
82
92
36
64
79
95
50
46
100
58
70
26
48
99
1
77
18
85
58
90
94
47
57
67
52
21
70
