1000
38
66
1
46
9
62
66
69
97
90
66
96
37
55
2
49
43
38
33
43
17
67
28
64
46
42
54
10
12
82
10
100
6
73
10
37
33
52
56
56
87
38
49
19
7
19
13
10
89
27
4
50
81
51
53
22
78
43
19
36
82
99
2
66
97
6
9
53
7
87
72
14
55
76
12
31
72
91
42
6
79
60
50
20
4
13
2
4
79
20
74
11
12
42
55
28
46
38
11
21
38
2
92
100
68
28
83
77
18
26
74
96
56
61
99
8
37
39
91
81
28
50
34
51
30
5
46
41
12
42
45
24
21
78
52
8
87
82
7
84
99
27
31
26
39
39
52
58
50
1
54
93
72
51
44
66
34
53
54
26
18
17
14
8
56
7
7
77
62
25
32
33
3
59
3
12
23
12
56
45
13
57
95
68
35
89
23
95
28
23
72
15
77
22
39
27
48
74
100
44
50
45
22
93
84
47
26
93
64
59
3
43
3
66
34
58
19
34
27
71
57
6
38
29
63
64
29
2
64
37
91
38
30
46
37
78
26
2
5
42
84
92
35
32
75
17
21
35
48
57
7
67
39
39
24
46
63
52
94
82
56
25
97
86
2
40
71
46
93
90
73
75
55
50
34
67
36
53
15
18
3
92
19
72
6
76
29
87
71
77
77
57
83
19
28
26
44
45
85
4
42
77
68
98
38
55
64
62
87
63
35
65
5
80
84
66
1
79
87
53
87
70
57
34
38
87
74
12
44
100
82
33
54
24
82
57
92
34
90
28
58
4
56
23
79
18
91
53
85
38
84
65
88
51
70
48
3
65
98
71
82
81
9
68
35
86
27
96
87
96
25
71
13
26
38
96
85
80
100
34
84
15
82
19
6
26
36
16
76
26
16
20
83
97
86
95
34
28
75
44
62
62
34
87
17
98
84
10
85
46
64
2
58
15
49
38
16
98
40
50
41
17
65
94
24
77
41
93
10
89
23
86
72
97
92
5
53
66
27
25
48
44
9
21
34
82
64
70
30
49
7
17
26
91
92
68
38
25
92
27
88
28
18
54
18
58
44
34
17
91
24
89
100
11
80
14
33
31
34
43
21
14
76
44
77
16
8
59
84
69
55
17
30
18
40
76
45
79
1
51
13
5
67
43
24
23
88
33
24
34
13
95
72
75
38
3
92
94
21
11
84
48
80
57
69
70
79
59
36
21
45
20
26
93
61
80
14
71
14
66
87
65
10
64
75
85
80
88
25
87
65
14
64
14
3
90
95
27
12
37
48
72
55
63
86
54
26
72
53
41
75
92
79
42
77
21
2
53
44
55
19
48
66
56
68
28
15
13
91
9
70
58
97
72
11
34
72
67
61
91
79
20
73
98
86
44
38
98
60
95
81
95
76
52
88
46
97
70
22
45
50
17
25
24
17
91
88
20
52
68
82
98
32
88
65
57
83
57
87
9
23
11
65
72
70
9
22
71
85
70
72
23
21
99
59
46
72
1
69
13
62
70
92
23
37
88
70
52
99
6
53
7
79
17
71
68
37
54
80
8
24
13
21
82
93
51
54
69
23
27
37
74
58
12
28
91
67
18
65
96
99
10
26
28
17
42
69
63
95
25
28
21
19
60
65
59
95
38
48
74
13
60
46
70
6
100
41
72
26
25
69
17
13
5
60
22
68
72
61
23
39
83
75
28
7
25
26
33
17
44
72
26
82
29
68
64
96
17
27
36
95
51
8
60
70
83
85
57
92
48
99
36
90
39
83
15
23
44
24
32
79
29
74
5
26
5
16
73
31
76
46
11
49
99
92
65
14
81
5
29
27
2
44
38
75
9
93
23
37
75
73
22
53
69
23
79
53
34
4
74
65
37
38
81
24
78
66
90
17
35
15
95
58
37
59
9
62
6
84
11
14
42
77
12
95
89
65
59
22
14
79
60
91
62
90
30
25
10
28
20
26
30
33
41
85
15
90
25
33
29
42
20
44
84
87
94
99
48
33
83
34
38
18
1
94
54
99
5
72
48
49
83
90
18
57
80
25
10
35
37
25
78
73
66
52
24
60
44
4
39
97
39
57
88
23
57
70
7
92
76
59
97
45
31
67
60
85
44
64
58
96
57
23
57
10
77
29
72
74
37
47
53
8
69
48
36
14
84
57
60
41
84
87
67
4
96
60
34
37
53
93
93
51
75
55
56
69
85
25
99
39
30
2
52
95
61
88
50
96
19
39
82
32
84
90
8
67
62
17
64
29
63
31
7
69
85
64
50
26
21
