1000
89
36
1
99
9
8
64
42
36
52
2
19
100
67
80
64
81
87
13
49
94
14
58
32
39
34
52
52
84
48
100
63
38
13
42
6
94
59
15
23
82
30
14
65
38
11
33
23
2
91
24
33
18
31
54
77
44
21
59
17
36
52
27
5
5
76
35
62
12
35
58
75
98
48
64
25
4
53
5
86
26
24
44
5
62
82
8
78
79
20
70
19
83
99
46
8
48
63
99
16
57
35
60
68
85
28
4
87
18
32
11
53
29
26
67
10
31
80
33
22
15
85
33
93
80
80
5
26
20
41
21
62
22
2
9
83
37
64
52
35
43
15
55
32
65
91
59
5
29
72
91
31
40
41
73
18
71
66
56
86
41
30
48
99
61
15
13
33
25
36
56
95
96
86
71
50
35
75
30
24
94
69
37
90
58
63
14
51
42
22
61
27
61
87
65
78
82
67
54
97
20
39
4
58
59
81
85
80
99
6
2
56
83
25
18
71
69
85
79
40
99
82
16
31
39
14
83
77
48
32
86
21
26
27
42
47
49
98
18
91
47
100
62
74
96
6
75
26
9
85
93
45
31
91
41
60
94
37
10
28
26
89
35
3
74
62
7
17
51
71
3
77
85
83
21
36
74
85
98
33
56
9
27
2
91
44
34
3
81
9
8
61
55
67
30
82
4
79
34
96
32
19
100
19
62
50
31
99
14
99
95
93
3
73
92
27
19
78
84
20
20
56
56
91
49
82
84
34
31
89
64
69
50
96
51
96
29
31
32
89
41
35
62
8
22
7
81
24
23
99
5
72
37
34
89
1
53
98
12
96
90
49
66
68
44
97
98
13
67
7
22
17
87
24
90
2
83
75
11
42
18
13
38
87
17
35
13
51
96
1
92
53
13
99
54
96
27
11
67
31
7
98
94
67
18
100
33
10
35
2
76
33
60
71
10
64
13
68
55
62
8
58
64
79
94
88
95
81
25
20
72
61
41
89
55
16
43
38
17
95
98
48
80
78
62
12
4
63
1
13
92
100
46
77
46
58
12
11
43
25
96
69
29
12
5
28
18
27
94
29
42
28
91
5
81
75
77
85
8
26
9
85
62
58
92
51
95
7
58
5
63
68
58
87
100
16
68
33
60
95
14
26
78
99
30
59
58
30
75
5
25
25
100
72
68
97
69
20
44
42
74
81
35
15
67
20
17
29
34
76
41
68
66
46
50
90
22
39
38
60
3
93
6
100
43
6
72
20
18
6
4
89
89
67
13
21
41
39
32
91
23
99
76
78
44
95
66
10
90
81
43
58
83
11
97
51
12
67
23
11
90
93
60
58
54
34
59
22
97
59
88
21
91
66
13
93
37
39
23
94
30
66
84
90
56
39
57
82
58
53
28
22
54
18
100
1
7
56
61
43
8
91
60
49
64
78
30
71
6
76
52
9
65
12
97
33
83
13
48
62
50
49
89
83
46
75
29
43
44
77
100
40
69
27
47
51
9
41
75
10
45
53
65
33
89
85
66
96
19
76
67
32
82
67
73
27
6
88
88
7
82
72
29
11
65
22
45
3
59
86
17
21
51
39
31
81
72
22
54
58
10
82
90
83
94
24
94
22
78
85
54
33
90
69
77
40
14
31
88
71
50
58
60
61
4
46
5
9
27
67
69
91
39
38
87
29
16
39
18
30
43
7
14
59
20
9
14
90
90
16
85
35
59
39
40
98
7
27
46
93
17
3
63
75
52
4
50
68
57
73
80
17
93
54
27
29
22
85
26
18
22
45
61
74
67
47
56
51
32
11
69
17
47
11
82
74
51
50
29
76
73
10
45
29
44
24
15
37
44
35
12
94
81
67
80
91
67
6
41
8
6
93
53
41
42
20
38
95
8
68
32
61
27
5
9
51
68
50
99
34
92
3
8
88
46
40
56
81
40
83
54
99
87
74
5
42
40
21
68
63
2
39
20
72
44
91
25
31
95
60
93
66
45
17
72
73
97
91
97
99
96
41
98
31
86
58
70
33
6
39
36
39
23
45
22
43
63
45
42
64
22
77
33
38
75
57
53
70
51
39
58
48
44
25
73
39
69
77
6
53
14
85
95
91
29
66
52
40
54
98
98
88
88
62
92
32
29
70
83
73
65
63
77
49
58
94
43
20
33
69
52
7
11
42
68
3
67
52
62
34
48
8
8
29
19
41
60
94
49
78
58
8
90
62
44
39
94
72
75
2
32
8
71
63
56
68
35
50
74
57
90
78
66
7
68
74
82
57
32
93
