1000 10000
57 76 7 91 24 99 90 10 61 38 9 49 54 97 89 46 67 17 11 12 66 73 10 90 28 42 58 2 54 74 73 9 77 70 1 85 31 79 47 99 90 24 20 97 36 44 13 94 87 35 37 91 88 42 84 66 23 8 67 85 48 84 39 91 36 44 9 90 86 61 63 93 97 16 64 14 54 48 15 24 23 95 22 25 39 40 100 42 76 58 61 69 18 85 53 7 32 6 15 8 75 52 34 87 12 39 45 70 97 66 19 50 5 98 95 77 82 35 8 6 76 85 24 79 44 96 61 2 33 13 24 4 69 27 76 2 72 39 81 43 86 85 51 98 86 30 30 82 74 37 71 47 98 90 54 71 87 91 97 52 90 9 31 28 70 52 80 77 68 100 27 85 27 60 53 59 82 9 21 38 84 34 55 53 78 39 70 89 73 94 85 36 17 15 66 85 74 37 40 59 16 51 47 88 85 15 8 62 3 32 6 67 63 96 51 87 10 10 91 26 22 19 10 10 63 94 49 36 99 47 7 98 81 95 63 49 55 78 82 86 29 11 59 8 75 31 14 2 91 24 34 20 8 81 92 8 68 4 63 3 92 12 8 59 62 35 60 8 27 54 80 12 18 62 20 6 80 96 48 74 83 5 24 35 12 47 64 42 15 71 58 34 60 19 96 93 30 65 60 60 18 64 46 25 51 54 1 57 70 85 69 4 27 52 62 74 5 50 95 16 47 37 39 19 97 64 96 45 23 93 84 69 90 65 11 16 36 82 81 92 1 17 71 16 73 99 76 41 41 53 11 53 88 87 5 67 24 23 9 80 61 97 84 58 53 38 88 28 26 7 58 79 81 90 12 71 28 65 2 16 37 54 68 42 51 54 70 53 31 37 44 21 34 63 3 5 14 14 87 52 93 81 3 100 32 35 22 33 20 12 6 48 100 66 81 75 23 91 74 92 58 70 18 92 53 17 87 59 82 91 86 22 41 32 30 96 49 43 93 98 43 59 58 7 8 87 56 89 4 71 8 74 75 47 31 19 87 82 38 15 36 22 85 98 20 79 56 59 1 9 39 93 29 69 69 79 83 88 63 3 63 13 8 28 50 89 76 84 6 38 77 21 57 18 50 58 15 49 85 40 59 83 69 8 22 70 86 78 81 25 51 43 56 64 59 96 92 7 96 100 56 5 18 30 24 34 32 97 97 36 43 7 53 61 92 56 6 18 5 74 70 90 53 12 82 79 88 51 77 26 44 26 55 7 22 53 5 73 98 33 33 35 3 96 26 23 34 28 89 70 7 85 34 60 19 79 3 74 20 58 95 94 94 75 24 71 37 18 57 36 88 95 83 99 78 73 68 59 37 31 100 62 11 74 17 5 4 75 40 58 84 69 81 35 77 85 74 12 34 37 16 8 81 77 16 75 67 85 48 28 53 2 87 93 16 61 65 86 51 19 36 97 74 72 93 32 67 70 100 94 64 9 6 21 78 42 17 66 60 35 58 67 46 90 22 69 31 76 24 96 38 83 67 46 40 69 1 23 9 31 73 6 56 64 1 18 87 42 28 95 19 66 40 2 69 14 50 90 24 69 16 54 63 40 60 99 29 89 39 86 11 33 30 1 15 29 55 82 82 45 56 20 23 74 4 60 9 11 87 43 33 95 77 7 3 20 19 33 22 25 2 15 90 65 97 76 96 93 42 16 91 60 49 91 73 92 79 34 23 75 56 36 92 43 15 32 40 48 71 48 75 22 28 32 80 23 20 63 92 12 6 53 39 11 95 20 96 100 93 76 33 27 31 27 44 5 75 80 33 4 4 93 35 16 19 88 100 97 36 17 56 23 11 93 7 95 67 97 55 48 54 47 89 66 41 49 97 64 67 76 13 2 16 9 45 63 54 84 32 7 14 22 30 94 32 81 2 72 58 20 4 33 89 20 35 83 42 72 71 81 76 14 13 79 59 58 4 53 70 27 55 20 98 63 17 12 39 64 94 63 93 76 83 96 78 8 36 7 40 79 79 99 34 11 97 86 79 38 99 71 15 52 10 43 73 73 9 69 58 11 81 34 33 16 10 77 45 78 38 81 4 67 13 94 30 100 75 39 46 91 97 80 35 19 89 85 80 69 92 27 10 37 11 40 80 25 39 71 81 47 45 42 39 72 65 64 11 84 29 62 53 88 93 55 30 31 13 68 46 57 18 8 3 36 96 18 37 55 13 28 76 50 80 57 21 6 87 40 20 8 77 90 99 82 28 42 66 38 53 77
42962
24809
1769
44698
9114
38234
10463
48275
34275
26049
27907
12039
3401
3091
33307
29679
41198
2348
48221
40794
33462
13238
49390
25493
6916
7976
40376
27981
414
15448
46117
48446
3244
12352
9992
34582
19583
2138
31781
38118
37014
27369
41583
17468
17193
12319
18380
40063
1504
13998
4080
9168
7642
27723
20588
30582
4703
27572
21044
26575
15825
30501
62
25276
43249
46926
23442
8175
38096
33968
40058
43599
48543
9937
5377
29838
5698
862
38980
39313
49827
22670
3845
16128
40753
33679
41596
15596
16658
39517
21780
15834
5944
4574
18154
22027
42874
35333
39389
42333
10273
36895
48556
45697
10810
40890
17497
20771
35588
28615
18109
17054
2025
15745
24794
14209
15619
32104
43456
41200
19688
7279
7280
36549
48190
30817
37292
38942
16836
25678
12044
35849
8947
5201
37544
3880
49104
45625
15381
11267
20850
34447
1270
35362
40222
34139
37965
35121
45317
1984
20160
19158
20991
13020
17896
7899
22798
22254
31067
4366
12544
38066
41136
9511
41987
39978
9252
45432
7696
16138
32739
48171
15974
46353
27694
2044
19919
32982
20768
25891
17307
5106
33773
30643
49580
14
26695
11404
41325
28180
44045
42024
2089
49189
33381
4131
47140
9299
14640
33949
42795
13065
3622
245
38008
42095
39664
35984
11709
19409
43401
47840
19177
45658
48344
14330
37494
16542
12521
46540
30457
39755
20741
30818
39790
42574
4383
34153
49391
14004
47626
46669
43737
32246
754
34230
43737
24838
8253
5186
25659
3796
47735
3754
25706
36096
34256
17543
20138
38714
18926
31132
298
5990
22469
5485
25917
18919
31483
43474
14627
27613
42991
33682
43546
5554
44235
14679
36716
48440
38235
18436
35669
14042
25638
5778
40038
3533
16641
9330
16056
21499
45207
17030
25821
7852
11932
26109
26659
24561
23051
43231
30458
1717
34097
9767
30098
29665
81
44500
497
34533
24370
28878
19928
32527
35455
40070
23099
35721
7189
19453
28068
24491
40863
8570
45800
4724
21682
5832
15732
11105
24912
4546
31838
428
14365
44056
25140
22857
31734
9475
27893
12017
32710
35423
18336
28324
43971
29989
1202
48214
4732
49053
11119
34262
45222
12982
11354
29410
9217
47001
44007
31276
33250
20231
7579
21821
8212
964
35154
11510
49654
47892
24224
13006
8933
4767
23525
28777
23284
36708
9371
35676
13024
20323
47443
16772
28601
20084
22283
45318
12812
20325
38050
13768
9659
11222
28984
22351
48807
39096
37806
1110
21609
4276
44461
21815
33213
43948
45256
33254
46997
41009
23229
382
47956
9765
8262
31321
1814
45514
13123
5968
13506
9973
39623
20984
26854
13068
31418
355
36762
41083
38503
30961
42707
40249
7066
9751
22391
24713
6625
11405
3777
28987
13318
33651
18435
47024
29526
3767
40885
18867
8398
5690
15346
46118
8182
13572
38346
36348
17929
16766
7664
34223
7351
18035
38052
22076
46338
19456
30660
37112
43126
41768
2563
38031
13612
47904
41728
35273
35866
41341
2077
47378
35654
37903
23902
43252
37854
32159
32049
2253
10128
2170
4866
19079
46633
21937
48658
49677
4115
14107
28010
2714
25948
15609
5810
7558
19100
46176
40609
41852
22042
9878
19229
9555
31237
23298
30679
33986
6917
34162
2673
24789
20551
42707
30908
33905
31995
27892
37212
10177
9899
22311
36687
4981
37212
40585
9309
14705
41253
42777
30946
48206
14358
14502
47
36245
40097
45745
35828
18036
15283
2968
19791
34932
38053
943
9691
143
24042
12805
8320
35823
48296
35100
13591
49712
36032
39205
43360
48745
5203
17186
41846
47310
26903
4996
18316
13057
2902
44773
6804
8135
32257
7355
24896
8747
44777
43425
2983
14061
14344
21643
32654
37903
36325
38329
44631
44083
1228
5960
39036
30878
37873
3667
24691
35304
11607
33543
48645
36232
24459
30998
25540
34119
27264
37438
37593
24995
42956
24385
34154
24449
47550
5835
31883
16559
14379
21657
17045
21260
13470
42841
7077
33265
8128
49869
31929
19126
38980
4554
34652
19698
466
32343
34453
38278
34168
2875
40131
26096
10350
23232
22027
11362
20032
537
23957
3293
7106
8251
4265
30595
23238
3042
4975
20051
30510
40354
14166
34819
21266
32219
13366
8770
11949
29923
45820
40688
18277
35625
28077
49732
37767
13427
23817
2290
18189
33154
31170
18598
19476
21641
45668
18392
41953
16584
28663
12108
17732
49291
44278
39858
46028
48881
41986
37012
40625
5727
10474
23103
5626
27675
48113
5787
35920
11249
44615
1761
29337
31881
29648
23617
9970
46053
26137
8007
24820
32894
47532
30664
24677
49379
40573
20670
28962
36820
16833
41583
15508
8049
41472
32688
43518
26234
31080
18220
26757
19853
40850
9408
48862
34387
1538
11327
11668
20660
28483
12660
18686
13179
45981
41464
7546
2690
38497
42063
14328
45707
29792
47894
35334
7045
27343
12284
28322
14046
19355
14631
34518
7342
23046
42919
12883
27627
6839
31212
45324
12160
4498
7421
38766
46979
7567
25690
34582
3982
43437
38010
41478
23989
16228
11702
9553
22394
31818
33634
49034
46555
431
47847
7994
33276
8268
35766
27979
30725
36833
38235
29769
42889
45966
9461
6956
18030
1462
41384
17724
46630
46905
5452
9245
48230
42408
727
21019
21495
27175
31449
46781
19553
41760
25527
22356
33449
49582
8969
17842
41400
13733
21898
27083
2323
43626
33730
8221
45456
36352
12160
18721
14662
10713
4390
39681
2123
16790
12037
13402
219
14308
41745
38409
26964
20913
21613
15403
32809
44571
37386
6054
16527
29145
47936
6822
6864
38138
20199
30262
35754
48843
24671
18663
6845
23468
7769
27729
15887
30090
10251
44498
45751
12773
26198
8509
7146
48841
2786
34626
39610
19818
47839
21843
21514
40995
43072
13028
29305
41893
23935
18699
21851
6501
17345
13588
17925
41673
17467
39970
31021
18748
20814
32922
6649
13240
41884
48398
47246
4105
17509
6961
19587
30539
19741
7309
20919
6255
1934
36220
40374
46910
46896
16580
38469
33648
34988
24389
20939
25479
27056
39170
37149
49042
16669
13393
41746
15668
948
33441
17553
48018
17345
32195
22920
15978
31678
5428
14557
26993
31147
7409
37679
40543
32870
30345
37073
31064
28650
26055
46244
16330
44780
38493
31449
39530
9923
17590
2909
4470
37433
29833
11284
5671
39841
28470
34107
2204
43983
38389
9876
9736
44628
41735
2095
26094
40949
18035
8197
36973
10923
36759
23239
22319
19904
36082
14235
46616
7655
17194
24534
9895
18391
16952
48415
49013
20139
29202
42440
30212
47901
34966
28945
29897
24936
15806
20146
43694
20454
37611
7243
25671
24925
27438
39998
25737
37379
30916
36287
37081
35720
1196
29950
48574
3261
1865
14938
28219
14343
38921
49152
1547
39832
30370
8603
13189
19640
34276
33531
4475
19326
17122
21455
41173
31930
6614
1750
18347
2111
21186
36167
38935
14159
3147
34177
28949
2773
20266
35416
41897
35544
40047
38408
33010
27012
48210
1045
24386
31477
14433
44797
15504
1945
27083
49582
28251
20649
2487
27316
42652
45840
21935
32534
30543
4307
47223
49788
15223
40148
19711
15170
20168
36913
29709
19350
27430
6845
30130
46991
8604
2296
36672
44905
42923
44528
10598
39961
33727
6892
24253
22567
29570
2798
224
43426
12930
10046
8225
18813
21370
23667
2926
45639
10983
5287
20543
14199
25547
1549
16720
30988
26050
31773
30131
45971
23290
17078
997
33020
13358
32662
33307
6683
12478
29526
40963
49756
59
44512
2832
45728
42811
38943
22004
40613
15137
19778
3246
41313
14632
45345
8755
7394
5482
26174
27791
13200
36636
24036
4404
20512
43676
48561
29658
48802
30884
22
17918
19072
15129
36090
17161
2260
17732
36510
48630
39180
19980
6057
15065
38356
1588
6207
24652
12783
17724
36376
15539
44567
28010
41252
36927
45176
33214
40066
12186
6304
14294
23312
20300
47014
30378
21856
431
26278
20158
39521
13173
43724
31793
16187
26008
14167
37072
42245
45599
29383
49884
44455
15537
34144
28149
46900
15324
18763
43753
6454
27159
7577
22191
44646
21479
47332
26148
6815
48742
9487
1945
43914
28462
5158
25449
10120
6655
31007
46813
36436
3137
48249
17431
20546
4276
6661
8691
6337
10256
20332
35637
38868
44870
14288
29891
1325
10785
28142
10146
37400
6053
8514
36804
45054
4806
41087
40562
30949
47713
12013
44545
1664
43549
47370
16269
48015
41455
18758
32451
34436
25384
15673
45632
6474
9962
20206
31292
4556
30667
49661
21733
25547
17046
28184
32860
902
24824
25850
2143
7952
1061
35556
8594
27616
15617
49951
4999
25821
36094
49301
21667
11039
40362
45464
40729
41597
2681
47784
3885
28373
922
11311
47407
40172
13582
25854
30506
2502
45469
22795
40153
19501
19837
36122
49350
14103
35618
18454
29809
22591
47927
2053
19905
13161
27375
28580
13429
48684
23376
45269
30070
33716
10701
12350
49421
9760
1675
42379
48674
22273
9160
15429
46345
44240
6889
2352
29055
6263
6699
21051
18183
36921
34105
36132
10804
8174
37595
1346
11322
1014
28029
16835
24734
16150
3162
23203
21610
24455
33007
40846
34782
40462
17501
27871
39277
49125
42373
4755
17942
7307
23664
39285
4930
12774
2759
17430
6870
35006
32453
7907
6910
1457
24206
29348
39795
35233
33652
11959
22839
15187
45026
38208
41615
45852
31056
30056
415
30012
49325
22010
10249
18191
41137
19406
42288
12117
31755
30403
35943
23454
12555
18451
4318
18344
44916
30478
18963
30805
22413
24553
14752
44753
22560
8035
7619
42608
8949
37386
1438
25737
6952
12234
15769
46800
46003
11474
24007
11402
13083
30707
31718
4044
31985
13499
9891
34604
36207
13087
6452
45632
20631
47009
32465
18600
6294
26339
35499
18725
7611
31084
27082
6937
1010
7294
38671
27633
49109
9201
23792
16860
13558
16510
1724
41460
13667
13254
43379
27018
28859
48049
36229
1358
42361
9883
13219
34253
24589
12018
917
1245
41576
15203
31432
16500
15894
18657
23977
10782
22962
23263
20881
20460
44174
44348
27582
34552
5281
39240
31288
8924
31027
24924
21112
22793
47915
45559
32856
48977
22149
39946
5118
21948
48263
2485
38718
23169
49626
31009
19042
5056
39847
3744
39722
35214
24961
30210
314
12577
39303
22524
42154
18259
14637
22957
49617
28848
11158
10764
27411
29894
43920
12376
25910
12781
24584
9898
2202
38831
1519
49516
35703
38050
5357
17676
31512
43068
7936
15281
38124
17623
25610
6981
38887
30737
4884
43890
32788
21965
45130
48640
47037
7917
33049
46536
24492
13479
43568
6901
9271
32452
24910
43604
29017
33061
49953
27367
44334
19612
14439
21926
6714
48290
38557
12694
43269
20264
26906
45841
17619
45213
27964
48198
31902
36407
7732
14213
26318
26467
7072
37795
16495
11043
30953
37843
8
27566
42744
21697
44319
34500
43264
16063
29095
45800
43705
3335
11238
21506
455
32767
9752
13130
13131
29822
47117
24380
39006
47032
38297
769
49578
48001
7985
14004
26116
25961
18367
6715
13185
40295
42063
17921
49986
25073
35847
46916
9298
5416
18360
38896
14620
41401
6576
25919
47686
44719
14663
813
27925
5630
7551
41244
26736
6993
2292
38011
25211
15130
26720
20965
22274
19560
19276
545
4368
12929
20758
4692
28601
46733
24037
24088
1991
49654
44400
21773
27756
18370
21893
10736
48901
1457
6503
39089
10809
31028
41917
12161
31852
29476
138
41305
48732
8678
24074
42419
18411
8044
33872
46649
49088
34909
22676
19195
30282
34284
21036
19511
1559
16115
40383
22478
31633
8237
20561
43073
44773
33364
5552
27147
33188
49849
32232
23754
32217
32544
10301
35694
36598
30294
3765
48227
32517
6265
38608
8601
41047
30780
26697
7784
37232
19278
18203
16813
12660
41229
16996
4714
36134
32503
47579
42930
14683
12446
39067
49579
17785
4980
16241
39267
36003
22756
26635
31742
38418
6859
27495
27306
10269
21463
3021
46638
10473
10885
48792
34938
20937
27022
42921
28120
35984
42387
45059
37036
3164
29634
15282
34811
15450
40134
25417
34979
16462
14420
22444
24865
40827
22284
42017
35389
21755
27232
16164
21723
5748
25133
25747
34532
36412
29650
320
36184
19543
1416
45242
20736
8936
15311
19070
37333
19972
4639
48183
28595
32855
16962
46246
18892
7044
45034
39396
17631
43672
29850
28440
32416
33124
13489
32472
22004
46929
32428
20657
7651
3413
14720
46740
15571
49222
14025
854
15109
40990
6564
3885
40646
34015
42231
27346
11667
45972
30977
14047
9681
34044
4013
9542
43877
44740
1801
31505
1439
16291
4650
18949
23746
5009
39993
13690
27503
24730
27163
25213
45783
7556
34259
25061
41756
36910
40255
1803
33691
49738
22265
44986
5284
7451
13799
32081
10893
18672
6135
36900
13177
9395
38614
13706
33694
1643
9648
28649
24793
33105
40401
27816
30726
22851
30090
463
15328
22525
19270
4775
4489
45929
16435
45809
3670
43656
36864
11326
16274
28589
18626
33322
49098
9352
48455
9208
19490
45864
22480
49310
10266
46135
48141
33375
4184
12920
319
39175
1944
37224
25026
32856
30857
24902
47085
49071
36718
2717
21709
14558
36814
47623
22953
32495
29360
27019
9097
33910
47377
17469
16420
26070
42912
7616
5606
43726
37144
49809
34087
6496
8129
9684
302
33423
5268
40839
9611
37373
26580
11466
17544
40601
37889
31563
23838
19961
23912
29713
37253
4800
39426
14598
1328
32634
9609
43697
1266
42403
27737
29469
25
577
32451
49825
23150
7066
43428
44482
2118
48127
13305
6219
34221
48554
8742
9370
30238
407
709
1875
40438
48879
9506
32918
20083
47539
28139
10970
34057
30220
6974
8640
18954
25600
49311
16370
25008
47394
37781
18188
19190
14784
17436
48399
18265
16089
4593
36952
14289
43551
41129
32603
47580
21847
41028
22479
18433
13714
19811
46726
4612
46480
28834
8188
5200
8572
35400
21139
47063
34891
39177
47657
26466
21270
16658
34902
21089
28319
40494
17861
33692
3784
30218
41517
38906
9667
41765
34275
3389
4039
47206
15498
26141
30153
41372
26444
12167
30517
7803
11772
13485
19749
7554
40015
1989
810
38220
4585
27209
45363
21381
44693
47848
10871
28342
42445
5373
33930
49138
20657
28072
6501
26944
11324
30256
44011
36494
27633
35735
27634
2944
12747
7012
16212
43714
6493
5204
4130
41471
36599
42591
31093
31423
11866
27541
7381
11900
17643
23782
15562
10746
28527
21437
33834
20949
48192
21313
45647
586
34558
26581
48249
46241
12586
22544
37221
2837
5216
29304
4581
41764
20328
12559
33019
38238
16445
34018
47628
229
28607
16784
9065
3559
2851
36802
20991
11299
2509
1867
29597
35848
43406
732
36937
14879
21665
27352
2878
19010
45034
42369
38752
35010
3823
47790
47128
37682
14077
7366
14932
20602
11753
15098
2011
21088
31021
15882
24527
3943
43297
31241
40653
15391
36194
12992
38899
49569
24821
4342
46650
35184
6524
41492
34675
34657
46128
11887
30329
16172
18047
37623
48012
8335
42770
25899
25880
5513
45523
28329
25579
44178
17479
19027
463
24537
9041
34495
15204
11081
29974
7920
46790
8731
24611
8248
3464
37570
42889
38583
46709
8598
47050
8694
8934
12996
41166
5494
17729
26038
37749
6425
3433
1691
49195
37389
36354
20134
33635
28104
45530
4883
13542
412
17847
18830
30531
9752
31937
3740
8557
5011
15467
17298
13169
18956
16389
40163
9498
2477
4524
46476
36106
12539
39964
21548
28179
48626
27594
27554
28083
34436
34799
46410
42511
2669
8504
47390
20226
47139
1700
39021
43507
22305
40424
32054
36538
16648
42544
29022
27013
49591
31478
35916
22520
24610
32644
12446
27025
4670
44617
44487
39340
39683
35956
40917
2682
8548
46401
22985
47370
29754
43807
42150
7703
25351
6761
44115
34359
45691
9796
10773
17452
31853
26453
6441
43964
45843
34405
26894
46537
13836
34171
41785
1230
1690
6459
49437
10864
46843
24517
30634
24668
28149
26774
34939
31028
14388
27221
11747
22019
15473
4402
6685
21317
231
42162
19910
8165
21376
1514
32255
33639
7694
31986
32016
15181
33891
33271
20544
20871
13093
30894
6965
46777
19635
14935
48799
14891
9235
7262
25262
15668
40577
27829
22669
49683
5862
26100
10290
14889
39835
18930
4571
33886
22362
16795
32274
39104
1587
32282
41693
26065
43079
3650
40869
8281
45765
3
25788
23033
28254
47556
23635
27876
6471
18331
15930
40394
35623
25799
18246
20531
14070
1113
18621
32973
38001
25041
10281
45058
13312
33242
9423
43467
16757
43386
41978
40598
48990
41760
31772
35628
17001
14048
43011
13168
37946
2173
7467
48082
39496
23859
33517
19511
48142
18391
20334
33800
6713
48994
16811
3086
37156
7781
29042
33227
44302
31789
36453
12881
1260
26805
38835
46592
4528
42538
24324
2571
24720
24902
7267
35475
38735
27336
17170
18746
1383
28329
35179
13768
34110
4026
39958
35517
22042
17215
39274
13889
13564
14960
20855
19224
5545
23167
34765
44854
44886
38341
13632
1595
12948
6948
46059
4481
18318
34268
21948
9292
2284
11552
34287
24663
29002
16542
1731
24528
41536
34074
9553
24695
882
23528
13102
27302
14057
28881
29007
5017
49070
6017
49605
25600
23054
29310
3242
3053
43945
11094
32054
29585
21333
8278
4319
48071
46765
7752
34486
44036
37797
13079
35934
47065
5035
5925
45810
11092
24809
45577
36509
1800
30768
16262
13504
37840
30988
30184
25384
7347
41402
12230
8892
5555
32710
1731
9413
27344
41050
35699
45032
4949
16639
3255
31898
15211
28248
47843
14931
42534
12964
3057
44426
23516
18405
36439
14620
8577
13428
12371
31565
19589
22918
44094
33370
3176
5191
7212
37676
30867
5337
37767
22746
7502
38015
43619
20805
28530
2894
10983
41725
8826
43017
6811
29088
44829
41243
30188
24522
44471
27067
37290
6351
4656
31427
29780
26476
41786
45935
13607
30988
48473
21660
40687
33524
46074
13029
1929
9964
13908
41296
5446
40222
16592
48441
45535
6246
30261
44220
40336
14603
19771
42611
40386
24041
43386
41262
6304
28158
49779
43455
21278
10756
27482
10547
7600
2099
37999
46642
36884
17103
34381
11310
4544
34617
32130
19528
37858
4782
7747
9487
14761
2369
12757
20554
16870
29016
5108
36388
26919
41785
21913
46507
11560
33160
40971
25242
6725
21429
44488
22677
44296
27188
43567
22916
42433
19468
23787
41445
19716
31822
11560
23569
32135
45299
833
7740
24742
46890
24275
26621
4642
18283
710
17263
10811
37659
20782
5337
21844
29037
45615
45199
11737
12079
44129
9478
16755
21267
25737
42911
30361
47613
13259
37564
20930
14058
38535
15554
32310
4330
15208
17059
34166
3026
33510
18335
8994
66
47896
975
13465
18032
25416
13266
19910
34515
7589
30266
27523
39515
42083
19000
37394
23344
31197
44048
5697
14060
2081
7488
31857
46046
39976
12090
35706
7728
17612
29546
39709
16367
48584
24778
31703
43182
48814
16679
10669
21674
17040
29410
11580
46819
31417
24634
1619
6944
42379
34375
42259
47540
25157
24163
28861
20836
33301
49381
13668
34073
45335
37363
117
16368
46542
41536
25797
31767
6507
23184
45239
21179
3339
41590
9198
41105
48340
34361
46449
4637
47620
41846
10541
42466
46200
16365
40242
30137
34633
31132
10620
16004
43268
34913
20656
35013
2970
25539
12275
10688
5262
1808
29873
17499
30649
27911
31536
13328
46497
7797
18408
38004
35629
42752
31226
42299
3351
32744
31238
34961
17480
32063
39764
35393
3529
17878
6248
8062
35926
2843
18610
35214
24804
20170
20029
4181
5475
2833
13986
32961
1001
26363
6523
36314
37633
25950
35222
43597
4146
38217
14362
13488
18747
32892
47653
48934
4903
41971
33825
14002
8604
15821
37636
33863
23436
49019
49143
44214
22250
31142
25428
4508
41490
2060
24299
7015
18559
32800
41707
34819
15620
19304
21959
29548
20904
41155
24265
1238
46732
31074
44260
783
10336
9652
6070
37139
38619
1616
21373
8153
12764
25893
17147
47670
41017
886
20062
24699
48003
42197
12112
54
37059
38480
21582
36538
18669
44463
46676
11628
3070
31421
36116
21893
218
2973
3594
28635
28552
26840
17240
17281
2930
45634
16905
30585
44035
11
4421
13721
10568
21238
38754
43947
34994
790
35531
34253
36301
22904
28195
40639
24496
23736
8445
29695
27681
43773
16407
12527
39475
32788
11320
14761
22281
27725
3031
20513
39833
42555
2786
9665
21392
22137
30050
35926
49706
31136
10429
20088
19414
32987
44463
13842
3078
15063
10323
19482
2869
35923
21133
29704
1141
23287
20539
42374
33621
14188
26307
7515
49845
30853
45004
17241
37223
46728
17247
24106
46076
48482
23113
12364
20034
11477
26593
2271
32129
351
16347
4542
36289
33381
22595
33156
12880
40519
30563
10465
21536
4040
34141
33080
7072
45392
31509
30208
23390
30526
25900
3907
6141
25929
44326
46362
27468
22397
31302
28501
39276
41386
29287
1642
13388
25945
8934
47084
47169
35608
46497
17192
35172
48288
38737
4490
15994
42237
31349
24490
2665
14191
37520
47917
28426
44991
40398
20190
24542
42995
2130
33305
46413
21469
43468
5778
5467
11541
18512
16206
47549
29338
17541
3142
35513
12726
47761
26558
20694
31696
6659
14012
30701
30368
10366
43096
10499
9581
11894
9338
17291
46102
13116
387
16663
24417
14418
9533
43837
28025
43905
45939
33763
19633
6824
24785
28573
32165
14179
35361
8378
4291
30253
26203
20300
17535
24372
1614
11881
36393
1004
47649
4233
23612
33068
31167
20814
46497
11153
22623
8470
35897
18669
18056
40044
17144
18152
27565
7807
27409
30523
32975
40575
38148
16586
3343
42727
14554
7929
10111
43623
26931
16743
25320
2687
7135
38645
16212
48379
23795
33664
24027
20806
36016
2988
34114
7803
28272
30319
34678
3225
2210
24801
44497
3445
13008
29279
16239
31531
20138
37540
20919
10251
3138
28409
14024
43383
31757
38475
21718
13831
28658
45677
34232
1097
34813
5964
41877
13091
30169
27401
34861
6498
27643
45309
43489
27048
13939
2825
3219
32332
3720
31635
5659
38329
21437
13302
14755
43279
45725
33950
3633
37858
8297
23415
25886
30418
30270
9195
13441
23488
34800
39540
16223
16427
40965
6713
12019
28386
18530
31988
14849
32049
27354
20974
37018
42313
40649
17072
7439
5775
34691
47527
19904
30674
42156
49480
4315
31457
33039
13859
23025
27997
19531
34799
43497
7751
22223
29672
21945
42976
40741
28197
18697
42561
23179
27775
46552
18930
22064
3925
14182
30747
26421
2668
11047
29810
28621
21404
36244
44104
16021
899
9934
36918
26486
32805
24102
38993
38226
27648
23997
24213
7065
48223
39213
7234
24318
34839
6020
49799
513
12228
45369
31005
49853
855
25899
46241
8300
11134
39853
44246
44927
2994
48406
8036
22902
36947
35767
26518
31012
2883
39085
36333
4928
48343
22999
7999
40029
11704
43462
1501
48238
46545
31991
45637
31626
31922
8842
18418
4886
21861
2403
17813
22001
40800
14401
30417
40270
49129
29402
45853
20386
23223
41509
33644
20892
21721
32035
17353
41163
4756
38151
6318
10392
34214
12778
4077
38740
47627
25939
256
11176
31381
3207
10941
26650
11816
44562
11013
27
36104
23549
45947
47163
6381
21476
45973
30938
18553
45775
38871
6491
42589
17171
48895
17292
45121
41091
15727
6270
33887
34077
29153
28607
29752
38789
8610
6181
43683
14795
23912
77
25381
9187
49235
42780
21383
1846
42115
455
39239
13633
48919
26017
26501
29633
47175
6362
45694
49044
32849
45507
27440
5559
3467
15575
2481
7949
34311
2445
7008
48872
47078
10722
29459
14214
303
48184
16923
44045
9080
9553
22105
1040
11007
25655
12342
47322
29827
35273
34388
16548
28431
11980
18884
4249
14057
49740
37533
25065
42378
41195
28534
3414
3384
11870
29366
49666
31491
5042
49876
2430
12536
32462
49772
25769
7017
7875
7207
39845
20444
22364
32730
16118
34633
31994
3990
4958
12340
21303
7775
7328
36709
23565
13282
5561
39751
10785
24531
23952
43126
5532
17028
18325
28660
38051
43434
23175
44577
46597
28931
25846
20223
40050
8439
34764
32906
22780
30407
36681
34122
45337
26437
12489
16425
13484
12410
26755
46124
49915
32197
21561
32191
45339
44452
1308
40636
46915
8182
5700
8811
41561
26787
18017
8059
28858
20597
40603
39131
47244
26843
36354
28674
17416
24049
46512
31485
15503
48670
8191
2696
7210
23391
16400
3076
2297
17873
14525
5149
9447
1590
24660
15043
15934
49914
4590
11317
9616
42834
16290
18889
25118
41411
26426
49736
17542
33778
24079
43079
36941
16507
11641
22758
26057
38509
16197
27112
6674
2893
626
489
46210
6505
26443
33511
22422
4930
44537
23641
41075
45961
30681
10471
13541
38121
25300
29179
47450
31578
46316
9205
18137
12551
7198
5487
11475
46040
39125
22316
39721
2362
9741
1593
39867
548
1025
20499
8911
13862
26995
8867
16846
33371
40326
4622
13080
21863
23860
30328
24347
13261
22276
49326
6734
44868
30844
31766
39274
4722
45477
14802
24892
45710
2847
47537
21372
36244
30223
22446
9442
11393
2098
11899
17765
25258
3797
25748
35976
37383
35875
27507
29941
8095
29246
42250
19598
12762
22633
6210
761
40414
11907
4897
11839
9796
20263
19467
47308
43339
13549
13380
27212
32985
1744
40954
7712
30094
1610
30951
11780
17773
21302
37172
27940
12451
18044
1218
35414
31787
4251
45092
41040
36319
6180
21208
21940
17185
13789
25043
4540
24892
4762
41079
5804
30919
14383
7732
31700
44823
47701
7063
19537
43828
11532
26992
18051
38721
26901
4307
11477
23120
35182
22143
36844
8196
8839
31869
28157
5586
29365
840
23098
5562
9979
38066
17804
3659
33085
3909
22332
34313
27278
12972
40059
45576
17430
39366
43155
42688
48404
32257
49612
19235
34932
18270
22131
38707
32728
49261
39687
11270
31173
25008
36321
31873
19636
31093
3178
15417
33137
12811
470
48206
7136
14407
25281
24029
47829
22147
6024
33497
27550
16811
16727
7515
26774
32727
26023
17358
37069
12861
28851
21355
34135
47634
24340
33899
44634
48226
28638
49688
23695
28082
40777
40304
20578
33706
9372
30023
7353
23472
37424
40392
44128
23033
42275
1645
29243
48624
2538
13709
20242
31187
2223
42082
29341
24065
37694
17072
43085
15791
24500
6049
40556
17010
42978
31267
35310
31840
11281
15912
20797
6283
24742
19947
35548
43449
42961
10803
29070
995
1238
33331
22935
46365
39231
29865
29641
26423
49022
12915
43949
36378
8297
27612
40103
4107
25518
33044
27685
35577
8001
601
3922
6030
5879
41370
18552
25057
6389
37798
23891
44312
14826
27421
37169
23117
7228
39015
29668
27755
15351
291
5732
33123
38183
3268
2622
39299
29773
41282
42125
17633
46649
48988
47975
27652
41255
44744
36630
34397
22293
45062
33234
37267
11636
24798
33133
20046
42560
35985
30997
47661
1850
17246
49784
8875
32797
41924
45028
1094
38967
2300
49803
27053
25432
44074
28994
32622
21181
47469
31453
26349
23167
23525
8727
24061
230
42065
40033
22330
41467
1629
44811
33771
41932
35770
10915
42881
26256
32373
8
36410
4042
23892
27454
20135
28210
13634
23043
48316
20690
17771
36743
38012
10858
23875
12388
27351
49108
42791
20098
47953
18162
18549
26338
36409
30042
24269
13292
36330
20321
19702
10168
39586
11504
38954
40746
3835
49636
38717
8573
36530
46290
33205
38338
45992
1395
15642
30468
29658
12375
35790
34055
41984
11518
43661
6790
27641
13281
29029
46526
17560
20162
28120
32698
15212
17841
37887
44486
9748
25920
22924
21697
10100
24742
33891
41938
49701
5339
49114
28895
23265
16827
6270
5238
37742
44276
31172
17628
10570
26313
9952
18187
35439
32214
9753
28712
8925
41309
23686
21316
14471
37384
46202
30897
47275
27660
29144
36273
25214
15852
26566
3657
45245
4991
2046
17904
6796
583
19133
30255
29296
44784
6033
6923
3798
36266
33954
794
47794
6638
39171
12544
48448
19309
34903
24935
26558
16948
5335
49221
19357
28974
35830
14763
44448
4301
36668
32162
7164
8848
3617
16783
33945
28464
4560
14335
24916
44435
7514
24954
34999
13726
21613
43895
7730
12500
23788
6842
4218
43977
42908
38935
1577
37599
30113
19448
19431
20897
8555
4780
32590
21681
35755
46854
15750
5407
41793
40661
46022
15973
36307
5752
10303
38202
39565
18322
32587
44050
36726
49015
48937
7744
13988
32180
13700
33894
23318
21427
28571
21228
25404
25508
47010
17298
25166
4913
15601
25741
30261
49435
32619
38670
33829
43535
7497
48234
2725
46882
8324
49681
5535
32575
3117
13282
40820
16901
23116
27651
41790
24640
39809
43161
42093
21762
15704
42601
18011
33299
24177
45608
46427
16429
47465
37943
1176
10214
28827
20880
28130
48743
29835
42224
15159
34440
38793
38417
5907
5439
4585
42014
37423
48064
48830
6672
26947
23829
24538
29561
46009
12013
12775
34606
19125
12047
16178
1946
42483
22500
12740
21400
28152
3200
43951
22464
8045
25895
12385
24389
44085
24282
20094
7566
11345
17607
28194
28435
27520
37017
31380
26510
10960
25362
20671
29109
6448
2315
20529
19317
6739
10485
20427
29204
40696
21757
10121
20271
19666
45459
24431
31166
2562
3585
2383
22577
20272
22098
26398
463
49875
45912
4976
6471
25542
24081
38949
12297
5183
813
30125
4658
25888
25211
31157
28046
19570
27598
14567
44107
40040
33505
14036
30468
35439
31319
30567
13565
3491
30640
5477
37738
1057
21168
35549
8716
47014
12642
49154
27502
46168
41411
3010
16130
278
45039
46713
33483
20030
15933
4917
11733
32176
49507
10930
17302
41234
29476
40209
43128
47010
44931
25773
8664
45423
34040
10653
25278
28507
24526
43597
11029
45596
13487
48670
26325
2083
37845
48361
28360
36579
428
11466
48445
40798
16091
44160
47878
34142
5399
19321
46551
29130
19811
40702
22455
25217
18771
35111
3326
2258
13930
26125
8570
11835
4717
2103
47283
3048
47582
13568
7646
43062
30479
35203
30185
43076
13745
35710
5533
13601
14690
3857
29618
3500
47638
19574
5262
10661
20894
33395
21288
44070
26954
8953
10933
14404
21065
14766
5741
24871
17217
3312
47416
34848
5136
25161
24495
19238
19523
10307
45336
49339
31768
26519
531
30567
40662
38176
22140
44897
47925
22022
41545
38207
18165
33869
20908
9171
10140
46058
4917
6226
17403
27032
13946
22322
25577
9830
25915
46933
41042
25175
45525
24534
28914
13516
29558
2813
17975
11848
3902
45296
1635
48751
24047
4509
19423
23243
29527
30344
10131
19680
41940
8562
16804
8663
43585
44094
31923
39916
28272
37821
23179
9770
11145
18587
46083
32753
19217
45058
23831
25239
14538
24495
44999
21736
43569
31360
33077
45085
234
9464
41261
31347
25679
42326
38405
8508
15525
44772
15011
17022
29594
8065
12262
45215
11272
19284
1484
27459
9806
37147
2591
3998
6608
11737
1386
10240
17932
41131
17013
25320
27176
22674
23732
17884
26916
18225
14857
24704
5739
9280
40528
16354
5392
34966
46134
7626
48183
8152
40293
21586
18182
5801
42593
38320
22615
33576
24591
22390
15064
41312
30844
37194
39277
8365
32387
48070
46334
34650
1027
26963
15207
1479
20444
47869
17090
36193
20591
40363
14909
17838
33051
2578
19820
48238
1590
43854
9334
41858
12818
9417
28111
47355
35536
40148
37845
46087
48226
16906
22715
5528
44583
23632
38119
30017
24835
10173
26783
20629
40885
49206
39017
11969
9704
32376
22537
5682
28873
28115
19615
42649
13645
16366
11222
11843
33915
19255
33425
29410
39693
48728
36956
42483
46821
48929
7120
16512
37012
43183
12690
5838
24745
23621
3518
13692
48313
39012
17182
37471
4542
16307
23400
48071
40991
20493
5088
10198
836
40093
2027
15409
14616
44099
326
43793
40016
11094
42733
22077
22523
41101
40487
26004
48615
30731
43432
48694
28789
18647
38647
29364
13357
18144
46262
8202
7761
8845
20642
45150
25592
44650
43819
6632
4199
33608
21823
34134
40571
30209
40852
44498
19104
17445
8999
37020
32869
32010
29596
17024
38448
293
25977
28385
43238
20311
29632
16197
16242
5536
25158
34372
35787
30772
891
21366
17792
29235
13761
24372
37313
29344
6610
15934
39270
2342
9800
15014
41559
22379
29033
46080
24287
34145
23058
19742
22988
41796
8129
1487
14290
9193
18083
22399
20510
10003
28241
1728
21621
6706
20825
46337
33299
43110
3464
10110
15164
9548
23966
25586
16310
37231
25467
24985
27829
25119
35152
42959
26940
26870
48840
13592
25528
14627
42132
5420
38616
5596
966
37488
5817
18417
29759
22431
9134
24923
25240
38412
19824
40113
20454
6510
25495
17190
43277
35211
9950
12276
6733
39086
36604
39495
38230
45360
49037
32801
24767
29620
44671
5824
12270
21638
9559
23124
21590
35104
38399
30719
30700
27756
11637
45838
17189
10763
23908
41429
12664
18363
47767
8808
45544
6448
8880
10622
452
41594
20070
26561
30462
6998
46547
28506
1783
40170
48562
30639
4475
32361
13270
8509
18893
24284
45646
32470
33679
35290
3526
34900
34002
30454
24596
23317
36242
24558
43352
42076
17674
27200
20531
19226
48789
29803
24487
5632
14428
32431
3944
30416
17178
10692
22859
29847
7691
42299
28481
39004
29618
29243
487
45250
49912
25272
38474
8610
35037
30082
22650
7118
37064
44038
40874
24860
38098
19685
24698
9504
2332
18909
15668
4509
41852
4597
47859
35715
35198
21329
37794
7507
818
39175
47072
32093
40088
36149
5540
18896
5246
12022
20854
42837
6842
6422
49648
1719
47517
19073
2660
37387
5147
10317
32422
25057
37876
10947
47172
28967
49607
35596
44389
15541
34744
25445
27712
34484
48443
40673
471
13782
21028
6537
25060
16466
37314
12633
24620
28204
4201
49914
46919
37316
6402
3298
28735
13052
14944
5571
15432
17174
37867
15270
30027
15906
3866
46620
19544
61
39579
40939
4258
9367
9374
36492
46982
30093
19450
49915
20801
40907
26940
21903
22605
7203
28122
16431
27009
760
3580
22035
42174
7312
33036
34276
41930
30334
46856
10740
34298
24391
15630
1991
3776
14365
24820
26354
45221
57
5615
27659
14061
5119
1174
9388
36014
23537
11675
11219
3388
13448
35083
25190
45155
40320
8925
36848
41640
34264
18041
32132
7178
38614
1638
35811
42324
39894
47890
26210
24209
3718
1316
42395
15831
5052
32329
23069
20892
45043
16579
38813
36745
25688
12492
19140
2221
1889
26877
44933
19067
28914
22955
697
22168
26831
40804
7725
16789
3751
32334
39637
3114
2617
2175
30682
28364
41040
32731
20454
10180
33264
837
7934
6183
42503
9724
29272
23449
4941
46677
4248
5827
11587
8128
23447
19424
11179
2723
48292
43400
28847
29817
42915
39575
2853
47573
37684
38312
22309
34207
24381
21796
36947
22049
33947
48985
13452
38590
36735
27330
21193
2584
27548
24398
38680
30839
48050
13286
4575
43885
11562
43590
43080
40530
42856
37508
38223
19260
46433
2786
33837
16419
13830
12683
42544
22113
35596
42288
9705
16501
22691
30378
32039
27516
49473
39099
45105
43311
42843
48475
40927
48030
15439
20387
45145
19331
40056
4391
27061
48813
31472
19255
6166
35375
40412
25856
23164
1466
24166
17237
37070
13434
3659
21055
3257
34624
20801
22369
41164
18539
44427
41234
43756
9859
43424
10955
21053
48879
32275
10000
8252
5922
22806
30291
45199
3660
22071
18710
22734
43073
43103
1973
34426
3281
24749
32484
7963
22760
2632
21295
288
1881
14831
9436
42159
6382
43087
477
11775
40443
10006
25429
2858
31340
23050
26190
38300
6877
18037
2192
2757
5286
3631
40930
18156
23458
12666
14107
3961
3825
11502
3807
13526
12603
3643
35419
7146
26308
43390
11574
26412
2798
12357
41284
7384
6620
32812
46660
26735
5272
48200
46340
26144
19409
12665
45357
14107
48229
39604
582
45465
4553
3473
34558
12643
41943
39011
43886
48886
28466
4381
15711
38922
10194
3667
33584
34348
8467
35431
11205
35876
27965
22807
41913
39716
6482
47267
38376
23968
1090
30365
3598
16639
30782
31783
25967
34979
19434
5660
14843
20170
10165
47584
8232
37384
15008
21460
21532
34989
40140
33109
9438
4693
28622
21301
15454
24956
23686
31181
46687
28588
36650
23645
16793
13521
26178
27407
46655
83
17261
48910
44139
21651
8615
47665
35078
4083
36438
39831
31582
7371
28410
2773
32788
8440
39023
1187
21261
23802
26480
35326
21421
8741
22136
14820
11766
12180
32527
12801
32873
16334
19229
23728
24832
27362
7539
28607
16305
36288
1598
29877
23634
46184
46871
46253
21657
1816
23253
24800
40485
47807
6281
17923
47110
20064
13606
6624
44280
46457
38417
2989
39322
24173
18010
45881
9206
27309
40303
18240
11763
21224
1501
8532
41538
29998
4522
24153
22468
25636
49034
33283
40128
25276
6164
44379
38333
13412
5774
6578
646
18589
28388
1586
24082
48286
20352
1283
16494
13415
33516
16223
33687
19045
7770
27486
37367
32802
18579
37714
4680
6864
30524
39757
47625
35786
31501
37204
38466
12044
9416
9661
11790
25851
46675
11351
29295
24283
32906
35309
5787
10938
15323
45056
7998
23134
18216
41116
29411
32064
44726
7277
17695
12692
45836
1551
49961
2964
49193
5320
49472
38040
16208
9294
30390
23423
28173
34666
8290
4944
32870
24629
26896
2060
27646
39259
29783
49835
43127
1009
19414
18862
9439
38488
12314
26925
48331
47043
15717
33857
37292
44616
46754
12042
30140
40147
11664
36105
42968
40863
13247
2971
14065
314
39510
39245
21578
23526
27532
41859
5483
40929
12111
131
19938
15121
5427
26142
21630
25620
34427
12645
20531
35883
10245
35824
35215
42346
44356
48122
46846
32501
28089
21611
18406
4848
19102
26060
29579
26089
23342
31713
33890
19409
2821
3299
49861
27973
22417
40449
45325
47107
25015
31386
45457
3835
7637
1450
28541
22567
37282
19595
35065
17711
5865
48670
7464
29369
41037
30470
12847
1703
5351
32775
33462
22749
49548
32988
105
23992
35084
45079
41683
40846
16536
44282
13986
46490
6376
2464
18214
28355
10863
46083
2217
48787
15583
37178
32882
40491
38861
20508
10888
31079
25956
8012
6628
904
17957
11436
8706
23652
29013
40488
48284
22183
27170
22911
15837
44513
40799
5486
17763
15491
9364
13626
12698
47158
34979
25106
39604
25865
32225
18244
17667
41914
18919
8126
13121
48166
4963
44697
47001
20510
11455
49974
26738
20921
44381
34534
19180
3940
2549
11041
12752
11234
14411
44670
41017
43608
16955
27729
19102
3472
13502
31900
4015
24858
18363
16827
23722
32208
18529
30995
5189
43007
36136
23022
21142
29111
19852
9910
35523
20966
2784
41453
17200
21544
30066
35072
41515
2613
482
30023
22403
48883
13882
47074
17685
29137
19485
5315
37886
5885
13106
32512
7665
49365
10983
49940
32113
43169
43056
7794
12792
47354
28519
6681
31993
18112
35181
29708
15444
16578
26130
49888
35858
15069
8112
39648
31602
41070
38992
7722
15645
44686
21133
46824
26566
12844
29556
1335
12585
17647
37616
24510
33158
20845
22618
7672
37072
2813
46908
13849
48653
48902
30569
49954
12561
16697
8911
20399
1003
43925
6982
42314
18574
8469
12854
2378
45800
4223
45541
27716
29868
45210
41571
36664
45108
20180
11025
25853
18571
5346
4802
49910
38492
27368
47165
18621
24812
43024
30957
33765
46217
10769
14480
18413
24589
19108
23665
20318
36346
21729
4383
41016
16830
42985
7936
30656
5614
4025
10785
42621
43078
20796
49132
25057
21533
23527
547
16903
26852
46114
24995
13550
39203
44156
18560
24073
4126
26737
5826
16966
13803
16523
21503
18903
15249
21268
37278
45739
19607
37284
3567
29063
1119
14071
28221
29789
21491
29320
6143
42497
20861
23050
23344
4494
43460
42733
19750
10963
8021
33854
44110
13015
37439
14480
41621
33956
24210
49989
10695
26308
9185
7673
26514
29715
48037
39532
49273
13174
37068
8797
27002
47311
35533
39572
48833
20182
46841
40175
35036
1192
15091
1344
22791
4150
22437
27748
6542
4402
32206
47410
48635
14976
22713
7382
38589
31048
27027
28855
628
34187
1702
22627
8867
15526
3311
1314
25807
3995
20443
32068
47916
48166
542
21744
38879
33521
22338
32482
14450
23421
8132
8115
8880
41983
45647
17947
5090
32781
33406
28206
30036
33278
48447
30266
13000
22373
32708
46419
16240
45323
26892
535
17016
22623
6697
23122
30337
21738
32553
16819
35212
40187
1140
14660
44196
27120
48866
44881
4084
13569
34522
12159
33576
16049
31474
37358
33557
40023
18189
46829
9093
18223
40530
29030
17459
15935
47167
18348
45551
49619
37729
4047
47830
2710
45342
1219
37580
29062
32168
22657
15915
25143
34058
43516
44010
26085
29590
31017
18716
3187
15094
23086
32403
1611
22290
10339
4182
21714
10563
3689
13554
47534
43632
14309
16343
32742
3136
12688
2335
29365
33622
2050
802
5490
17007
14685
44100
46919
38747
35894
44976
14540
27679
36445
34012
43185
42237
44537
35828
17112
10362
22778
19061
15455
12957
23899
25741
29664
19098
16497
26936
16816
29395
28875
36371
34206
33516
27375
1832
36284
28052
46354
8903
33754
29069
47017
20615
8676
28979
14522
34836
10561
32903
18280
1790
24625
29585
29589
21988
35990
44103
26434
14527
34627
7715
39431
40451
12141
17023
36862
6391
29028
25173
16072
40556
19439
43344
4412
37321
21938
19043
39859
11791
29829
27195
2740
11036
49975
43978
503
11516
28308
43122
19400
8606
23122
31719
47703
17659
15863
41121
9120
24658
16241
8854
36787
2164
6616
1100
17939
2133
19742
26975
26529
33439
33420
12972
43655
13814
45164
15578
4237
45616
28791
35768
15391
15910
16221
17747
23232
17292
2534
1615
47982
6340
46938
8096
18709
15639
20993
5061
12718
24903
31759
1460
48614
25928
24190
25985
14891
39344
34140
2059
29060
29788
12962
10641
22394
11452
40923
25064
29840
4214
18396
5989
8948
2234
23803
42556
32896
12604
46687
23154
43764
554
49035
37024
41528
2608
42981
24336
47684
25219
7209
13993
26724
45070
18206
36022
45185
35351
30628
34680
5923
17789
5126
4073
23872
24841
22329
36274
34782
7357
6217
2566
2086
7442
14777
9982
23298
21704
935
21423
2748
23036
25117
42847
17130
49068
33935
1479
24531
11255
8899
28169
5482
48302
20222
1928
49263
29522
36098
3710
26067
18878
39074
27627
19690
39221
46060
45482
3623
47952
33152
48241
38819
49334
49051
18717
30372
21324
11203
49543
40290
15868
47236
30040
42054
42980
49794
47465
29928
11219
48329
45889
8661
24573
35219
43435
32564
47500
39487
23032
30523
3220
25025
5394
7443
29777
31126
40915
3996
25013
33985
25134
38168
29105
32157
29150
20148
13193
10827
24083
38576
24011
40945
32988
43143
29213
22729
10971
47124
31848
45066
13713
46554
40921
20695
47957
638
27633
38945
5937
31804
5216
27465
6597
31538
13406
25571
27931
1427
20666
8328
43015
43595
12100
15328
30445
41245
7869
44649
35880
47051
547
28584
45409
21772
7462
7985
33536
42616
14083
46736
6657
40371
43586
38850
39813
21302
33124
690
20853
39458
39179
41097
3288
39296
48371
29541
39604
29785
3823
2628
19963
49794
41107
8696
4968
39465
30753
35319
30585
21951
20969
22927
28304
22820
47109
3774
39342
22278
7395
10195
41006
8635
24154
9773
920
28098
4890
35821
2010
1861
21010
3237
15129
44983
8703
26511
27095
43660
22485
26548
4747
3773
11674
3305
33074
25734
8578
18547
38617
45141
29670
30638
10198
15679
5681
26453
2271
18669
32537
35597
34582
35430
41470
28808
28492
34177
3343
27563
5189
39205
16898
32142
36707
13458
32456
49296
8620
34081
1109
22155
41751
10085
35032
12834
41676
32497
5805
43317
13779
22414
1781
48822
25558
16528
2909
13892
12645
2863
17442
15750
27010
42405
36905
16245
46598
8260
21670
32653
6772
898
41409
45956
26837
30719
24287
34991
14068
6254
23183
36395
33789
22241
34019
17311
42916
43784
47497
20814
5883
36303
44770
40638
30910
15950
10089
25844
37487
36580
45289
14400
14367
27529
15094
21064
2939
49868
17165
43847
3621
40497
26545
31683
8903
37005
31959
42633
16374
32050
6129
19265
40397
5917
21220
19483
49617
12151
48195
35801
22831
40957
23024
1629
22398
33732
27648
7911
4270
16482
15605
48957
20352
40333
18666
4230
36032
28915
10039
49678
39986
30042
9790
15068
9725
10193
8602
24439
19113
39549
31427
42122
2574
17620
38505
24806
15501
12003
37874
33275
2420
24155
16612
39404
15505
3917
26044
13343
4192
30503
1221
26399
8566
40225
36893
39899
411
41154
39707
35660
7805
39562
6833
2413
15032
34965
32161
40821
33686
49844
5591
24326
19088
26400
39167
34722
23807
2855
671
7426
16448
3169
43156
33017
26811
23213
3216
17814
1113
41438
7227
26214
2874
4619
27028
38670
43034
16478
49127
15549
25247
46218
46280
43549
8265
21091
10093
17154
34210
25724
20601
17641
21547
7311
39694
30140
19072
36420
48026
31868
40839
22763
49655
32836
12317
9658
45220
25144
19479
6300
11459
5355
40634
49685
24586
23580
23208
8336
898
19182
37855
20306
40575
19612
15082
6388
8271
21225
26807
7149
26400
179
40338
27796
9284
5302
41510
28644
33706
25638
7688
40888
3127
32873
21785
49003
18570
31336
13508
7478
48641
35331
5516
33853
12122
35473
18084
42913
8051
38119
11425
19232
33662
16449
44332
45613
26041
1861
17452
13424
35926
10179
36161
38170
41925
13766
22738
6468
13589
32849
28818
6009
14344
4536
49862
14791
20164
12932
12054
45194
31665
49942
44918
7425
40247
11824
5823
33963
42730
33905
47704
28090
17018
19493
36733
8322
13819
15810
14498
15653
39848
21210
6172
28653
11298
21774
4556
6960
39407
6729
26129
44839
6176
9467
44000
44951
4035
15951
29167
2653
44039
31610
3261
16478
44068
16599
45791
16671
15863
33783
43417
6932
18077
6340
36495
5020
18704
27025
40640
7634
36551
19486
6320
10893
48381
32664
41711
23535
48552
4879
39350
16187
22002
8108
8291
5801
5491
10361
36895
7935
42210
35677
37293
33400
25604
6942
41608
23460
40502
32556
2471
37025
36511
31277
47325
42267
6034
41797
49964
6750
40929
43888
12299
45730
48236
34079
15773
45360
43354
45034
4940
12206
16354
29640
7161
27644
13935
33945
20258
15208
12802
42754
19961
49439
30099
15569
15514
40862
42593
42403
19550
3920
13092
17408
24667
35984
49635
39450
31834
33665
37312
39707
19399
23652
22272
40203
33808
25589
21052
7891
15442
43596
31809
3790
15671
2929
35985
3324
9044
37095
1632
35877
29199
10989
17834
47961
30695
39508
1569
14581
31440
12048
16181
24859
1315
25291
4001
41974
14169
46996
44092
37635
22329
29381
38263
32470
44726
23179
4009
47284
39856
3429
13980
27592
23578
40049
12105
34625
34626
49682
49297
35726
46557
38761
7354
13769
16500
26102
35875
27734
40188
23733
18820
39284
41431
8785
28097
17148
7916
13196
45407
2969
5468
946
44719
13744
7439
8006
14483
45051
19225
43366
18056
15737
34180
3705
40342
40441
35696
10981
419
1647
15334
35418
41165
19412
31721
30985
32169
25192
33389
35399
8167
46702
26584
31141
36625
21654
39271
40554
36529
29150
15653
13027
15784
27860
9548
25625
21664
5891
37532
41100
21560
43327
47087
5125
31594
27853
3837
39975
6991
26726
18383
28113
31464
49798
36750
47117
44961
37323
44137
33527
23495
46713
2360
47356
3956
29148
4332
45876
19570
49649
46009
10539
25047
46746
43027
33540
14183
20788
38250
8522
5729
40204
13501
15839
4838
16756
1097
12907
10138
1212
29347
42301
27586
20649
5925
31952
47833
10982
38612
37502
20636
11476
20823
5609
41738
4112
24760
9661
49161
44393
15706
41280
41709
2221
8508
48996
47342
40105
916
49316
19608
15375
15379
8956
5502
31149
26334
42958
14211
14275
35282
23949
25881
47163
11951
20540
34313
38805
6422
8508
48534
233
41945
29002
12170
38490
614
11136
25404
22203
36885
46361
555
25844
14124
14315
9276
13991
47743
40341
4075
31341
29398
3583
34004
31505
15653
33015
43769
35516
39743
7193
2583
36142
11466
31316
2826
41007
45194
4522
38759
1528
29096
49529
37008
10456
48857
26113
21003
5284
20730
31029
45381
14364
11323
41950
46480
21620
43608
29019
40190
4416
33570
36928
25604
10502
42395
42128
8486
43215
35975
41839
16752
37345
7801
47429
32268
3541
37224
22690
16158
9383
33481
11681
48644
16438
42357
10567
17129
47533
36433
34014
8701
48058
41254
24231
33841
35885
40294
49683
13130
42159
16700
39468
1662
13626
43473
34008
37918
27169
13918
35039
40213
35622
22600
18835
32032
20978
20574
2594
15603
19922
37739
16135
48693
21
25094
5948
1138
44203
37477
39142
22097
23590
10351
3231
45728
48820
16936
9470
41219
30413
30834
48045
29226
8544
4325
40337
9275
44196
24554
23454
41117
23769
20387
15988
9110
31664
7505
28166
45384
880
29949
12408
1758
635
35439
11908
12491
19208
16372
21681
49590
36067
6904
37321
27185
7280
48369
39574
14538
31479
42641
25971
28201
29981
37455
24669
40701
33692
15483
45914
43389
16417
22760
49857
28494
2793
3177
18245
46201
37780
41697
17157
28865
39000
14375
8781
34975
24640
10427
23460
46207
27985
46454
38618
234
7994
41788
24402
26717
18306
19729
44727
22738
49476
36290
49661
22964
31674
32478
12771
37251
3626
19216
23586
2011
854
1180
7856
38871
9083
21654
41392
27963
21269
44877
12463
5135
7060
21266
14437
3571
43114
37022
41355
23075
44674
35279
37046
46090
19071
39125
14478
23203
1675
17715
21263
29759
44025
43088
31572
30414
21661
40033
14836
19221
48390
17739
23543
13000
35433
25150
6992
15484
24966
19222
19930
29122
23762
5740
27186
32241
39571
14864
4813
16718
13126
17840
15645
10749
45012
15879
33060
13434
3620
10440
34472
17551
10960
41118
13040
48208
3182
27506
25010
2459
12374
31569
33520
27869
47929
6611
9288
25117
231
25018
3224
32957
28797
37513
49197
4708
1267
44338
24055
6532
37785
35741
37746
36006
45751
28303
18831
791
26513
11636
3997
44067
34333
2051
42098
46438
20721
27876
48832
18903
12203
42239
9172
1486
29059
28606
5420
32417
22063
11916
6832
12667
15656
3765
10262
43982
19737
38975
28923
48404
43
34881
13818
19242
27646
49009
12619
32116
13394
6794
37204
17303
3178
38513
29515
49955
535
32483
12464
1166
20180
9830
30871
43225
29724
20206
30146
1251
13559
39660
13719
45847
14315
9898
45307
8708
29584
6501
41111
5809
11530
32701
15577
4507
23825
43369
42982
17419
7669
45857
33610
43091
22674
16913
33985
27551
26504
6898
39820
46106
30611
10588
44097
14268
13594
14357
5534
31073
39484
1370
10033
23591
1373
23561
1007
518
14325
40831
22959
11717
33866
24177
12349
46983
48107
27694
48014
12430
13676
48931
39155
467
10021
16934
11004
36549
33363
31677
1113
21850
40046
10447
23931
26740
22613
33998
27560
27136
28043
11751
29281
42975
37729
19826
8510
7865
5926
15686
49850
35090
26648
24826
18598
25232
15622
16961
45118
27704
45229
4484
10519
8573
42085
47734
27229
39117
2994
14342
3157
33629
6341
28761
46674
44035
8554
18598
39573
14782
15471
31391
41220
7531
25218
37361
27003
15969
34773
21221
3869
43361
35047
32685
13128
32378
9347
5384
33075
18391
8967
6687
44406
7067
23684
36324
1461
12914
32375
15625
25510
34497
12274
47400
20763
8841
44933
37895
45020
12913
16480
8711
27107
4544
24305
7948
49735
5665
40180
8930
7034
47008
26726
13394
4828
17879
8459
33498
16332
46904
8956
47522
15905
2447
14355
46281
2346
11293
16995
14329
1789
34204
28886
30069
47159
15028
32477
4653
39559
12855
32240
26024
29436
48740
27225
10579
5213
28908
2017
46723
40796
26364
39247
38503
13591
40490
29703
35366
21474
38449
21375
20694
11678
21864
43353
31809
22898
21624
35630
6413
44676
40153
34161
44208
30250
10710
4732
39124
17447
9073
29290
11398
26151
43754
19207
43758
33033
19746
36606
17904
36117
11371
9565
14194
34602
5287
8645
32140
4937
13519
15981
661
25761
23236
33457
18601
24709
5866
41515
48474
47656
30286
19287
21609
9763
21052
38390
2483
40726
48584
17539
19914
46306
27293
1143
22850
13648
40334
34664
9723
35580
25388
31821
29179
9900
23383
31899
4508
31663
33777
23599
30887
24578
37114
46697
18140
40396
22894
5011
40402
21549
19319
6582
47077
20038
17207
6073
35952
38982
46956
16152
17633
20165
49738
32605
31247
43068
37306
41972
21884
33191
41296
24344
16882
49347
39761
2648
22020
16218
38752
35997
24358
15770
26447
29009
43760
11671
25083
38832
5317
44568
33187
29693
12702
47463
36166
31077
27832
13690
32929
22850
24745
45628
11701
12076
28213
40127
8693
9229
11536
41894
29879
37396
40270
49346
19745
23191
45695
38186
4123
38601
3717
7802
28867
44261
30429
8009
29980
10586
11495
26350
2689
27087
34456
36702
23421
4368
25125
18851
17570
31918
3114
17994
27437
5057
9590
35419
1365
1068
16152
15263
862
15827
26732
5983
46208
5507
29378
17102
32361
37097
7505
34161
28404
3673
37479
6665
31872
43051
44801
33168
33632
2517
9361
6196
41067
33120
38228
11870
20007
741
26462
16821
7387
2280
4163
15466
49522
14992
1100
24901
5763
29381
28195
8687
31290
49744
2008
12446
49197
29238
42783
42070
19570
45678
25586
13212
21418
25836
42466
38353
10558
10927
24837
3917
7954
27768
18157
33501
40848
46715
27240
17575
32689
16824
12135
21588
47789
45257
17892
15824
6096
49899
34975
38054
18758
29706
20661
20233
46696
17456
23753
27589
19928
27588
9029
6782
39791
28308
30200
38145
32087
18986
42761
9873
33209
6494
7702
444
2960
47
18444
21447
28486
19668
46003
18319
35529
44180
7613
29284
34642
12893
1939
24402
42057
33647
12250
11671
33072
48528
22954
5499
41030
22325
19894
38398
27597
36598
38712
12615
35311
5147
43370
42366
9930
13141
47528
41670
12436
20341
33113
48364
7164
48685
43187
40558
7304
13841
26197
7468
11459
24819
20522
27095
38549
9676
7143
45739
46991
44662
12787
25310
42008
41334
15894
18057
7165
45252
45219
27385
45416
16230
22738
20240
48727
26936
36886
7605
3289
17462
32771
13734
1574
23425
17368
46703
13015
21042
34345
47701
30395
4858
5865
32902
40377
28880
44260
10375
9348
48270
23600
28885
2478
21465
14336
5959
23232
45704
45901
19262
22895
48426
24562
43395
5385
10050
26286
37809
33299
24295
47790
12221
21601
5457
14247
26742
25553
28438
9054
2289
2986
8739
10
39800
24756
10325
9678
40837
7052
38962
27436
35833
42820
12598
12213
12850
3080
27065
16820
28983
37395
2762
44698
42271
24606
29728
24844
25268
20352
28021
18221
3230
43353
30980
33020
26828
10517
32821
23922
30408
31501
40737
19154
48608
49360
43650
23957
30499
15224
11125
35394
38367
46000
24234
36817
29331
25034
48938
29471
18782
10740
42559
48357
20170
25494
9833
19884
14246
49933
34783
48843
44453
9950
43611
1522
29127
487
25420
44002
14877
48311
6547
26014
25141
36558
36897
41823
11860
12668
5441
36285
10648
43341
40036
6232
13112
24358
35278
3049
22435
38247
43401
36924
2592
22896
9834
13902
44977
40145
34647
26885
46554
4053
15395
2715
23999
23410
7824
35449
20391
16743
48561
24006
9541
4195
21083
40504
34657
37162
25495
5255
14827
3843
31683
15555
18821
14398
38956
958
25845
6660
23124
15842
21302
15299
9315
17992
14279
49822
30756
24434
44965
10651
16362
25235
44993
48937
37758
32322
33456
30745
32668
13275
37169
48559
17717
39505
5934
26726
7655
15878
20649
38934
7856
48692
24586
23784
25419
22082
24997
9271
14218
4821
24040
14653
12029
22820
5616
17194
18606
49418
42363
26880
39597
29086
1273
40513
8966
10766
39537
5588
27510
30834
19241
24943
33113
28286
4142
47548
35987
43589
43798
37656
28235
31490
25200
3945
48389
37539
44780
47751
46810
25713
23914
40605
34545
49324
10342
18457
11293
25135
31008
44821
25006
39503
33475
17879
19598
13787
17701
32656
4184
38026
36231
31687
24041
23586
24413
7320
8167
45598
4872
13380
2857
40008
24091
13520
35402
44798
48432
40930
39276
14693
23172
32634
12794
26677
26032
5231
37545
11070
32392
42535
20393
48698
9035
24000
16944
928
23514
4147
5971
44966
40370
24560
48984
42700
14064
25988
1526
10819
35948
457
33423
22399
36375
47179
48333
43940
38500
13971
31544
3166
8986
26810
27794
23013
38460
8573
12473
48581
9070
1399
12844
18188
16062
12313
35103
4480
5715
28812
27757
40965
13431
4735
32212
29920
6870
38364
20512
24561
13971
41476
2542
851
18114
14205
2247
42884
44776
38794
30925
38668
6371
40236
11476
36815
22667
11548
37814
2892
36867
10235
25770
43106
19519
43996
14647
1164
17679
40543
14930
30168
31579
40260
4927
37199
41277
33650
29018
29542
10339
40041
8894
5738
38848
8241
35963
42936
43941
40176
32882
3116
28939
914
49386
19052
36431
16877
26075
15270
23319
4026
39496
35360
15863
48381
45047
2316
10167
16550
32330
42896
17193
46855
17856
14747
42040
38463
17464
12540
26269
2644
26509
19825
9935
48980
5894
46567
23831
7161
11726
8475
21896
3746
22406
21161
23158
43101
30925
11433
3612
223
15465
25979
47378
36913
30673
42328
10300
27538
14883
8451
49555
21313
1423
19646
5439
9503
48244
9283
21683
16170
37450
17148
3625
45256
2387
46171
13663
5512
44468
16144
21738
18675
3396
13808
21597
28851
11923
9683
48841
48698
23513
41107
30340
23539
14400
7633
29038
37607
43666
23761
4212
24453
5210
21735
9675
14899
2626
44080
30913
25105
36140
27707
9473
32421
24098
12954
46160
11821
715
32845
4253
4605
17716
32237
36452
3924
13060
11185
40197
19943
30365
43199
16677
27107
31716
37518
20679
20435
14290
41529
8292
34131
32269
2162
24022
30256
14344
21367
40296
46754
18741
35038
36779
41235
43495
47108
14839
6521
33232
21683
4812
3160
47941
9123
48045
7154
43288
9697
40587
7237
41428
9737
2779
1061
21497
13961
22696
34843
40319
3016
9326
39527
44907
46283
42834
36922
41990
38684
21590
21309
15806
2698
2828
40579
11511
17761
23733
40105
17103
48779
17192
1492
17128
4563
46835
36471
28799
48669
33559
28427
21251
11944
8058
22056
12804
17017
41581
32442
37444
12669
7439
26428
44342
17448
18788
10368
34042
44399
6735
41152
22979
31461
30417
38233
33275
46930
49833
20517
10693
30257
34472
9101
29650
27301
45882
8463
24800
37440
43930
3612
19453
914
36080
26512
11449
42463
24768
31847
6737
9524
2729
17353
16487
2093
33710
23080
3147
7400
48559
28466
46474
48847
39001
43226
15047
314
49492
40332
45249
36065
15004
13062
41133
38581
33064
10271
45839
45610
14004
49015
33815
40602
43892
4436
18897
24259
9495
17215
43074
28995
6652
45581
12714
10736
26215
48271
32097
41158
5682
555
47597
19004
5570
41686
48058
30971
13146
3117
23454
17613
378
30090
41961
12354
46498
13539
10256
5212
281
38793
19897
17304
26674
42447
27721
44413
33701
2247
20766
29052
15409
19483
42997
34396
1569
4577
14862
49022
45490
37024
36374
29208
20853
15776
43402
49442
44614
18368
17416
7049
25961
7149
37778
15080
35160
44328
38786
47328
24368
7624
22240
20317
18293
29026
3750
30588
2166
38171
32991
27628
23777
24964
25511
30862
32661
26942
4718
8210
16942
6855
28464
49151
31550
15374
45948
2303
4751
49636
48690
48710
26598
29142
7003
23888
35148
42449
5578
26584
44793
29296
26458
45631
49161
43625
40158
9996
22982
20145
31321
39442
29154
3762
5714
21056
38499
11472
40324
16234
40970
44172
49641
1256
26296
19282
10516
12582
16204
35564
5163
46270
28909
13930
40211
45140
36021
14123
14415
17291
18531
45362
32973
8195
18201
41361
5208
34135
47742
22383
49734
39320
13497
32581
18724
11062
2485
8328
14568
22755
15412
29401
40247
36494
15218
35852
47406
11549
12162
45763
14661
41472
22715
47114
46739
1386
20133
18623
4619
49262
40211
28075
35117
4657
39677
34250
154
11126
4142
49633
1335
30930
44207
34987
3543
3196
47317
40818
26688
43086
15607
49995
29904
29115
44224
38235
327
16495
33463
26700
109
30019
42851
16838
44872
38354
23546
22197
36062
31323
18425
27022
14504
17298
19368
25336
17202
19679
46202
42353
34928
25477
43191
14958
35373
26376
1450
5220
25050
47511
2007
3832
16112
47776
33035
46794
13242
27373
9290
31888
40535
42118
27455
48342
20045
45315
33706
18120
2700
39868
797
37631
1195
1191
43699
44163
43205
24049
41598
46108
425
49097
14064
28855
14306
43814
26914
47188
36224
22271
2011
23702
14768
4359
20889
23831
3586
3097
42570
16741
13300
6463
46012
1878
28875
16278
1384
32420
38292
28902
15601
26652
3120
1858
46197
21936
27490
13088
4438
35721
17670
47152
48363
15758
27272
35856
22745
23024
34164
32972
16542
28285
28599
28189
27640
40096
29923
28895
39998
22414
18119
22029
4208
38801
10398
23957
20499
13382
47127
12339
20343
35011
35370
23000
23007
19491
1265
44863
30365
12734
49313
8869
40351
36302
45477
16956
32789
21429
9455
28278
23423
26079
16031
1276
46366
32075
30089
29666
38845
32891
5005
16102
7709
18880
1006
15143
20644
10529
10481
28881
36087
648
31746
27824
39467
11037
10363
28449
41830
44011
3533
17839
48616
8843
26469
27459
41184
10517
11446
38461
9863
5458
5143
8646
32449
40963
10034
24702
3820
49196
43217
31632
12283
6079
43538
25637
34338
6032
30956
7459
24051
33372
104
45166
49877
32512
47243
18190
40211
29702
19749
27302
44245
26587
44397
17646
38699
11733
19984
30584
49967
21447
13638
12625
593
8258
389
4306
43089
46689
11525
34249
37877
23592
22998
14470
47515
13569
44470
4431
18700
32528
20616
36172
24801
44765
27962
35042
3107
12605
9845
17311
11496
42447
38855
41195
29601
17731
16674
37502
28691
12653
21974
18810
5431
10822
40977
5723
6417
42297
6888
35064
10387
5550
26593
11303
34058
14103
12524
39496
34868
5419
31586
20588
29574
26644
37212
44071
17807
20262
36199
10802
42641
14789
36049
5822
33992
6512
43452
12328
15148
35401
1486
45362
29754
10432
32990
8711
11349
36732
45665
36855
44670
41152
46215
30067
13990
45558
9857
9737
34439
49894
18421
26803
29737
49494
4709
48171
17859
10127
43367
13339
29125
7787
10112
3200
44815
8517
41899
44994
38235
48541
30840
43478
17526
9577
11506
39117
24878
36017
43751
6523
37925
36038
4133
7685
28633
43426
16971
3925
26656
21575
15818
9853
17021
46020
40292
3469
33257
16174
15223
21706
22575
49350
21864
37189
21811
16083
24289
38879
43540
23551
16201
33740
22722
29203
7880
22547
35830
44212
14724
35852
49369
11189
35078
47913
10100
13415
14981
19877
37684
18725
30706
43935
38346
28170
38712
27628
27612
39311
41209
10253
22664
22413
5247
27522
21826
24189
18377
38885
17220
34576
16264
21623
6924
45263
13316
5887
9402
46343
25738
47450
6250
30662
10246
37696
20253
10678
19731
18199
12220
26247
13855
33509
24253
21165
29872
48404
31990
49375
39256
43071
33964
42918
47820
20536
36202
2299
36180
19361
25462
29737
22154
12848
20565
27071
5787
44543
42179
26558
