1000 10000
15 88 77 98 9 14 54 95 67 93 48 61 47 39 70 94 74 45 95 1 59 74 64 3 5 20 73 56 5 27 30 49 90 71 91 14 93 99 67 81 37 30 76 61 37 25 49 32 70 44 69 28 34 78 11 55 29 40 47 97 98 37 27 56 46 9 92 95 6 73 55 10 33 81 57 11 99 19 88 63 17 21 50 44 5 82 46 49 80 26 43 94 43 30 49 36 67 38 27 85 83 29 94 41 9 94 15 40 22 44 72 47 71 23 30 60 25 90 22 7 100 92 66 49 20 15 80 89 43 37 87 66 22 73 79 70 97 51 57 55 92 18 71 35 27 58 47 95 78 79 5 34 80 60 14 53 54 19 66 36 50 87 33 42 2 34 21 65 7 72 74 63 43 36 84 29 98 51 72 8 44 91 77 14 49 24 84 63 66 6 53 96 15 51 23 65 4 90 8 42 37 83 14 68 43 81 4 17 34 47 11 93 64 15 90 87 30 90 49 75 72 35 35 18 80 21 97 48 33 37 31 20 45 35 49 49 31 68 91 49 36 9 23 78 64 75 85 3 36 81 97 29 62 15 28 21 85 65 1 61 85 14 29 18 84 6 2 49 8 57 69 92 28 65 60 64 29 35 16 96 96 11 46 95 93 26 3 78 75 68 19 5 29 22 20 35 63 78 27 48 95 31 70 36 52 92 3 38 46 12 85 70 89 16 76 96 22 47 59 19 81 36 50 1 53 13 71 2 42 12 83 90 75 64 19 79 100 88 17 17 83 22 44 12 100 20 18 87 63 33 90 27 23 63 95 76 55 26 87 100 57 24 66 96 44 43 79 23 32 77 81 69 14 8 50 94 4 30 53 23 5 46 49 56 25 39 26 48 75 40 99 96 88 38 57 54 17 88 5 64 86 81 23 24 11 46 61 85 35 40 36 65 25 10 28 19 33 61 49 34 9 33 8 61 52 88 21 40 25 88 27 26 77 3 61 67 71 86 59 86 74 46 49 92 86 42 85 52 16 86 78 1 32 73 32 17 27 7 68 74 87 4 43 93 17 21 97 55 20 63 27 84 79 59 70 34 30 59 62 78 10 12 53 53 73 75 14 72 80 31 9 85 6 85 90 12 64 65 76 10 24 74 39 97 88 24 28 13 52 32 22 20 100 8 83 92 90 58 88 27 6 52 60 45 51 71 33 81 57 6 1 2 4 78 84 18 85 89 54 23 27 10 37 95 77 68 93 3 60 39 78 42 33 82 42 36 87 77 13 9 52 29 61 26 52 82 68 61 92 47 24 38 20 49 89 21 21 24 51 41 97 42 48 81 18 11 55 91 49 21 19 88 82 44 26 22 84 98 90 18 94 61 39 26 88 75 94 2 12 100 57 68 7 7 13 91 78 76 94 38 51 24 64 10 98 92 49 40 18 32 5 31 89 4 10 6 14 99 19 39 93 36 19 5 19 41 69 23 51 79 4 74 64 48 14 74 78 67 58 99 69 48 25 24 56 59 82 6 34 85 15 60 66 19 90 44 61 60 48 8 86 13 82 91 28 30 59 24 17 38 57 78 57 67 6 69 88 46 66 35 98 61 48 89 92 62 3 1 38 35 70 34 61 29 4 32 34 34 47 99 72 9 6 18 30 24 79 26 8 32 82 36 49 21 43 89 39 56 33 94 43 99 5 55 66 26 42 29 79 76 50 85 28 52 5 62 71 4 81 81 26 40 7 20 87 40 56 46 32 83 13 33 66 32 32 82 58 98 64 97 52 97 89 49 74 42 33 81 97 70 16 31 46 58 6 20 16 52 73 55 75 69 95 18 70 51 16 99 33 83 30 84 65 9 14 38 15 35 28 49 74 59 49 16 45 20 74 46 87 69 21 86 75 30 39 10 7 18 10 37 90 6 69 39 50 79 50 10 44 61 20 51 58 16 12 63 42 20 34 65 35 6 15 34 48 10 91 87 54 81 75 34 39 82 85 22 23 41 86 40 91 32 78 99 45 49 75 55 12 55 5 67 1 27 58 85 22 24 82 55 63 46 49 92 31 49 19 60 25 89 49 15 5 62 54 19 89 4 10 40 67 87 39 85 17 14 93 48 74 88 62 33 83 21 72 75 45 30 64 74 8 53 1 62 10 5 91 52 41 64 10 19 60 52 7 84 74 1 99 36 27 17 58 8 24 84 92 67 74 80 50 5 68 61 47 80 15 59 25 35 33 89 27 32 88 84 37 1 8 52 26 55 63 18 61 21 40 67 7 95
24233
725
11579
20424
16085
37356
43346
21876
33723
32025
30624
43001
34552
17151
13279
24253
6536
28713
38806
49483
40889
14259
19568
6147
15194
40216
46104
35573
12134
16097
30418
6546
5915
11882
29621
12150
36095
5815
26691
29862
46782
29829
46622
22302
28556
3587
21031
17283
20378
9016
39812
47470
46300
28776
17693
26341
4196
7416
4439
5272
31411
25079
29382
49484
46174
37342
23813
13296
5402
42384
6614
14319
4443
44483
32759
15012
38855
30310
16889
18151
13497
45523
12652
35047
38941
38709
29500
14923
32002
47446
45198
37254
4330
150
33274
9619
32975
36767
9214
1971
42860
1730
23609
35428
13346
1411
48960
25591
27466
35271
48602
22404
8674
48898
12646
28420
42243
47226
21164
25399
39911
32095
15944
28883
32269
22145
9456
11379
33651
5620
44566
30282
27314
6183
36889
16980
15299
44393
4107
27145
22676
33475
33395
46391
20783
8942
38286
9801
48726
22987
12341
6078
25121
38302
34561
39493
28462
33447
25549
6280
42894
18686
38950
38668
34451
2668
41067
14391
2140
11093
7246
18744
31243
9594
22675
23505
2877
66
25439
9686
27199
45061
18849
41241
46771
11887
8111
10168
21050
8411
2760
2289
32283
9800
16276
27670
34199
3229
15839
6980
18669
45651
47323
30257
36470
26927
16778
19465
26034
4818
18291
7233
34918
24934
36572
25868
48282
5254
9614
37459
14378
27777
21996
36426
4653
28670
17841
15505
38409
2116
1457
46979
46226
729
44407
14901
38029
40744
18628
26976
5947
34676
2188
13168
8242
24978
19721
46750
9851
14712
15046
7712
12166
5829
34027
21366
30382
9708
25189
13364
1125
9066
11244
46339
36180
29193
49064
37277
362
8754
18956
38874
6336
23795
38833
41434
17330
38750
95
20342
6486
20757
4703
2322
33839
44466
27246
19754
28324
38520
22698
32700
20919
45080
12817
16697
29152
16165
7386
32117
43677
17683
19359
39620
49112
39710
12658
44642
36240
20052
30151
1392
32590
17747
26581
14423
44572
14110
5811
7565
37448
25180
4134
10207
16404
2560
16630
49514
10356
37146
10210
40499
29892
46523
17411
29145
27123
44879
21964
10668
3140
14500
2279
292
22574
47302
31072
19419
19120
29312
33109
24932
6677
43615
34101
14950
5794
23599
26608
32712
41705
13693
11581
47691
7917
28152
23928
7575
20647
48096
15771
24736
21958
328
43687
36588
44194
12035
9499
737
39107
9747
29926
39727
15346
49247
18510
11145
44025
28652
6738
27709
4113
3076
8913
1175
22757
46860
32301
38584
18881
1987
7387
31610
28937
13000
7326
26299
22740
25582
28293
37193
47984
19515
13814
48064
5423
22402
23133
49881
13314
49762
17260
39734
30982
7588
25694
10066
5643
4135
35767
35650
7352
12194
30909
36997
30600
17636
22531
6043
47658
40294
23680
24452
45078
45219
21915
371
10759
11179
447
4127
24853
43438
18140
36976
18632
21135
42334
30607
43602
17260
12759
10656
22270
30870
25239
18618
43416
633
18526
15474
35141
12475
38429
10955
34797
42174
23771
39998
26640
2599
35315
46868
12424
1255
10649
10627
26734
27849
15332
49946
35873
31810
28010
28232
20516
36645
15112
29422
11566
36007
36493
22795
16002
4166
25993
44569
25424
20946
9696
49565
23283
22620
42774
6241
23238
13007
46713
12883
15501
45061
30480
30761
25352
43669
24732
15050
31931
13202
18752
74
22829
12687
32845
6224
20058
45767
16852
43943
48018
21186
7891
21974
10487
14335
38782
25965
46960
1283
26327
13751
294
9824
39956
26893
30760
12120
22555
46359
4652
32018
49992
46103
41613
27791
38182
6254
49891
36760
38522
7006
29235
19911
5043
12000
434
34789
28472
21333
40898
6031
15639
36513
18575
18462
760
4243
23028
15551
30061
42601
37399
4809
18561
29037
16568
14048
34194
41816
29625
43850
31949
44281
6242
24664
18785
3779
27837
32397
28171
27963
5416
26173
34254
42874
11184
37822
48980
44515
4097
44757
859
9316
7825
18419
28012
24538
34833
7425
22256
5675
3639
4571
30487
39818
24467
48588
48695
9176
46767
27658
43505
7785
31209
28030
36691
17095
24246
25482
23871
38654
46095
25279
19462
38522
7190
46744
30963
46436
8521
22722
23385
37552
36052
13128
18621
40662
21415
34926
30116
1903
48840
27810
12064
48573
15262
30702
37094
38417
4204
1676
43210
6295
39095
25151
3984
30076
46005
14554
27858
7513
31976
35538
32855
11559
6087
7388
6622
48577
39150
11999
43561
11591
27446
43175
18370
13367
27140
513
11395
40889
14025
15525
34403
4517
46451
24565
1642
38872
16939
34483
35076
40091
43181
938
17075
35078
42947
22971
34580
23803
28140
48519
41359
35974
33708
5085
10198
38105
43502
25530
34721
7349
21443
12464
19520
22295
18706
2180
22668
3530
3587
15708
43968
19251
1970
16268
40046
20404
23830
35246
37220
32925
18760
7890
14671
13882
36224
10898
25776
41958
8829
30846
35181
43751
28645
31144
12653
10439
24555
13326
27203
29332
36958
1815
15257
28660
39593
33492
36706
4486
33100
43593
40351
1351
48369
20414
46595
25808
39406
27615
19222
22331
10097
14163
2708
32109
41210
19527
7
27833
48800
36400
21264
298
31319
37541
32805
30242
21425
42045
15142
46112
20126
41009
14625
16218
24617
44394
4733
23300
21846
3928
33688
25013
7526
39435
12824
49226
21324
18955
11406
45639
22965
15351
39077
5037
23808
20028
4160
26189
41016
28196
32012
22593
10888
18227
21936
24996
24520
34080
39405
25111
25619
19244
35781
47111
8034
20475
34042
36371
12499
26325
31549
7419
3978
10747
5904
36214
17193
10068
44401
19271
12465
48861
23502
7106
23859
14731
40052
42072
33052
14919
21186
32884
3157
5716
47769
11594
2283
36779
27212
13590
29732
12664
27268
5890
5864
12124
2601
44558
1720
8745
34637
14550
17687
14103
38356
30913
34612
9809
33914
19411
18209
24835
36856
38166
40041
17617
14132
25603
12997
27636
10036
16589
47236
14229
28178
5973
20727
17342
35374
30857
38024
27500
34471
19472
2133
45358
20137
27860
22892
30215
8912
4436
25388
34758
24035
899
4414
1743
10056
4881
12917
38352
36661
7451
4487
293
16596
17407
45593
39851
18608
5208
8439
10462
8298
17773
27471
29205
26432
16807
40758
3989
23438
45186
33816
10932
42940
24272
33757
7572
44252
30352
8381
17148
30672
13884
20639
6350
41850
23639
46185
26564
41844
12515
34389
20672
2364
10401
41560
86
10595
25776
3738
28847
44782
24777
17487
43088
46795
5207
6470
17239
45412
44163
18966
30978
30650
28330
8365
33192
859
48234
4283
37818
11338
25886
10382
41917
29223
18384
44183
16155
11182
1470
13251
38528
49042
32614
21882
1501
35880
26279
8151
14986
1999
19900
41778
32838
1906
36130
20619
13935
15197
15466
16167
9722
10707
16400
33206
25396
41181
6449
14734
24222
6125
35590
35312
29484
4517
43176
7754
8886
36731
8836
11967
12646
36171
629
30279
29502
1631
28786
12171
48056
8026
45194
9739
6272
31590
28153
41542
3745
8154
39114
14928
47351
44317
15056
20768
3790
38577
38736
24309
22022
3523
4380
21365
25902
45853
42613
9256
8792
3995
7364
4080
10966
16386
41111
9813
32516
16695
1684
48270
36060
43475
23168
14898
19197
33465
5670
1772
2782
1132
47187
745
18184
29125
5367
5751
26465
49188
41229
47233
39635
7538
14902
34706
31346
1377
10433
32376
45957
48841
19956
42920
45484
11323
46415
33532
34382
49270
45181
47969
25238
27022
31173
10880
33188
25627
14282
28813
23740
35849
13658
29451
44261
16387
2873
26045
48748
2878
9253
38535
40671
44942
39950
39582
12625
18206
16206
13197
37335
15006
21792
3954
42366
26770
30746
33974
34624
48371
44757
45231
29468
37455
13083
15830
22925
44628
10079
34532
22685
34617
20401
10036
4833
7616
805
11235
22152
40131
31082
20669
15682
20346
47766
17127
24572
30858
48960
48755
36451
40680
49799
13202
48740
18122
24495
27508
28769
31711
19691
48376
38649
31882
7242
42189
43750
24737
34191
33362
495
27796
33305
13016
13450
38159
21908
29740
39911
15256
28241
32979
5189
42511
5486
26859
1179
8781
2121
684
44173
17849
24846
13367
42385
3117
1091
11331
20407
38954
9341
38234
26675
25567
37848
40585
2960
40696
29782
1462
6659
39565
33785
37801
48895
30696
23731
10504
9968
28213
41124
10377
20161
2834
5177
11307
38130
44234
15540
39070
18506
10629
47486
33514
38556
42285
9000
8635
42262
29250
48589
22162
46949
2590
10371
17171
7882
10389
20184
47703
7768
9505
27022
23271
550
32560
11212
5463
13571
9133
40517
906
48983
20624
35235
3552
936
29940
14275
30757
17116
33854
32180
26702
36078
25589
31872
2737
15872
47791
28621
34071
39011
11973
41312
29911
40653
29475
19513
49499
18777
41565
34974
20829
33908
2502
2927
6177
25730
34636
41061
30628
13858
15312
39898
39184
27722
34053
13115
14605
3115
8044
32647
22494
5453
4291
24591
24734
9969
23196
45171
33203
41432
13014
3592
37015
35793
41500
29868
47308
6002
45131
28662
18815
37865
997
3921
11152
38881
20554
24474
42996
7044
3587
42125
35560
31861
47063
38738
35877
22147
20231
11080
27424
36927
2099
41362
8003
11122
3806
22239
4358
4727
18731
42954
38594
25892
10044
35484
16671
42543
43070
38002
24159
1722
42118
6182
16727
13
35593
675
47868
40315
47197
30989
46791
31546
46956
10547
11606
22248
20404
6044
45077
26486
2090
26202
36654
15628
19439
18360
26940
15377
3463
1463
47551
26443
23333
7417
26907
18252
6301
42307
25318
17820
47853
5609
36244
32440
26350
23132
45967
410
24834
44170
32460
28250
44327
27390
27898
18331
3116
49611
41801
43408
27941
39878
49128
41731
12543
14767
21650
612
11449
32684
43776
8972
20423
32149
31767
29082
26751
9288
21041
27803
16407
38745
16840
27765
5165
49552
23280
47300
6770
31124
15728
10947
38633
7662
2126
5856
17489
37226
13981
11105
8415
35058
40268
13898
37901
436
36783
33785
11322
36733
44093
31836
31748
30084
3045
14975
34293
44501
25393
15985
22660
38669
19907
7237
19275
49363
5499
17088
23586
37170
42182
33519
41683
37162
1305
48186
33668
42481
49621
30639
48781
20796
16443
25664
24526
21211
47852
30226
3151
49387
34419
45086
32104
1940
46083
7271
43825
8081
28852
33813
40405
41496
35754
34606
18086
11012
28276
49902
13606
44877
7089
3914
37717
27109
44420
34210
12131
33140
39341
46229
17544
38946
43206
21202
29030
32961
35007
25229
3791
24454
38472
45945
41827
40170
7468
18463
16094
23472
27986
23038
8062
48797
22350
47678
21682
29287
46855
33253
23826
11821
37266
43084
13735
8692
49565
27805
42128
15616
31558
21780
7873
39737
7451
45191
24397
2914
39984
24544
42218
8497
44248
37105
7903
46486
1260
44326
12612
48684
35635
20670
23886
33883
24658
29577
45155
3540
4567
5649
17384
3721
46057
11218
22297
10604
17978
29437
21304
988
32338
19715
25062
24590
47286
36035
294
10802
45506
556
15409
17686
16173
31808
22971
14160
47688
33404
15093
16769
47655
23150
30452
28692
22500
35818
12840
49518
32525
12465
42292
30187
2056
28673
17570
1253
23352
1094
38953
49716
20310
41506
42753
15842
33283
34559
24293
20701
46589
47264
45793
41208
27611
47691
3599
37110
47684
4691
17851
30393
33835
429
24639
36460
40206
1586
28155
47585
19234
35603
16880
47341
3473
1297
16046
31325
23761
12836
32336
24724
36170
44437
8401
3677
36577
24462
46865
41094
12327
47737
10394
12271
21379
21924
46052
49732
36658
37125
6754
29280
4587
59
814
3290
30978
9062
1888
44508
27100
47239
32046
5706
41777
11235
30128
21474
4478
12079
3513
13925
38513
46913
41541
26465
23522
19500
13916
13083
46703
37840
14397
12193
18779
14588
47170
31774
35076
39070
32539
12736
26737
5421
15313
49107
12706
25253
25905
36828
18112
4183
29878
32454
46705
8251
13842
34998
15616
2756
41728
2749
11379
18831
16402
37905
45501
39797
25097
5584
28369
45218
38196
1782
44206
27117
36892
38884
49145
5173
32746
43847
43896
13224
40394
47370
26167
28257
29265
34573
42213
18358
19996
32930
5897
5495
12461
34874
22991
927
14875
2640
46643
32516
17077
7310
16456
34439
1993
20480
28490
8931
37671
38092
14282
1595
35197
12199
13702
3013
9005
15147
5739
46439
854
31260
45309
464
36902
9397
41945
13693
33800
7924
43568
40963
2548
26655
33012
20846
14623
29748
24608
30698
37474
4062
18994
26574
14298
14125
31765
39234
29708
20785
2358
24352
47201
45639
10676
35616
30981
49709
20940
14479
17110
26573
9471
26086
23742
45681
12781
24749
42056
49227
9251
4484
38907
19393
21382
28435
36314
28165
34386
47202
7233
20713
32826
8081
42625
47796
46812
47031
14528
32108
44651
11736
21541
29588
25715
40762
15743
30165
43386
1648
32139
15024
21089
26360
18503
3059
15404
44565
28597
8369
22683
45316
25168
40215
35641
37760
15449
8760
2830
17978
27279
35877
9194
24946
5161
543
43608
6960
47345
29399
39860
26302
38972
3860
38075
5283
28201
27345
20649
49492
38282
473
5759
40404
29982
37733
39421
27979
10856
30540
22213
2000
13293
49609
5592
5232
44065
44115
35849
15189
32103
27430
4183
36476
19184
31751
30750
151
41033
47382
20634
38579
45160
13096
28388
47578
36914
4460
7657
12817
19803
16568
12182
26579
44362
28975
9394
3122
37754
37857
24906
41188
36592
33768
10378
49262
12665
502
221
10650
41708
2392
26350
5451
37142
41596
9831
26769
16385
16063
45555
12110
2101
43962
28119
5518
3248
11866
1037
20145
6921
33247
16308
44753
6161
46161
1170
15697
39456
47451
32637
46332
28765
47115
7874
38610
17963
3090
2743
7102
20595
6818
46276
48781
8937
21926
9535
33807
35814
25003
23970
2324
3558
28015
11967
3203
45169
8501
4275
7790
48607
26315
29341
25706
36431
304
12995
6715
42729
23782
28488
5667
31505
21879
2371
16902
36601
25650
3314
48492
14055
17449
23573
25217
1056
32103
38419
18519
49053
19121
5013
29280
46202
8015
10655
19889
1486
39597
37911
40986
16333
36073
24213
15309
45429
15577
9813
43598
44244
44928
12120
25246
14465
17866
40611
13670
24024
30534
23689
2113
2064
33523
7740
25965
18121
46599
48741
31858
2250
48407
36867
38936
1368
15245
1207
28059
42877
25406
3254
16764
14981
45854
36465
17701
42101
27374
41449
8799
27777
24033
3026
25744
14303
24464
35036
18052
31534
43485
37131
2457
26476
12188
887
35417
12263
41499
21413
13853
36855
15797
19474
45200
45013
40331
47882
46690
3776
30207
6634
10744
16961
40427
17939
26327
10226
29254
37777
44525
38643
20820
21167
43869
37197
6192
37935
18897
32515
18010
1241
42899
23210
32442
40263
38082
2497
32300
7682
3907
5077
39123
38560
19946
33376
9429
15199
7948
44259
44434
12740
4300
12756
46408
36488
49876
24087
23300
26513
15016
31815
43971
18320
32391
16018
32807
23936
42140
30698
20537
26922
12402
44183
39957
30855
21335
2149
38318
11605
45615
36249
26000
33133
21450
47359
8298
46664
11482
21770
46874
13194
33424
40715
8879
15309
5602
2406
23633
21988
40425
20581
39720
10475
25232
42517
43562
27739
25966
40831
9911
2967
11143
49838
33331
44431
1485
44204
29160
18281
47691
17947
25164
16955
30531
5391
32743
34750
2455
39875
10531
13675
1479
38081
31904
16307
22593
19535
23510
26728
5044
8697
31997
33979
24728
42641
41988
4545
15368
19968
35944
13306
31393
13910
37377
49068
47105
39894
4083
40018
19904
32406
18491
47728
25891
28494
14668
9865
22288
17092
43162
15473
25859
38960
32477
2030
10487
17334
18435
1451
31734
39101
42132
26754
11624
38886
7637
21345
31143
3914
10231
3126
34164
29776
40340
39996
32071
19619
29707
35931
5259
9585
22268
37174
26728
12271
32647
23228
2088
33098
35623
35785
44950
10745
3911
4649
45992
198
24006
11254
22136
3696
30940
26751
1
10578
35253
26663
32986
46531
46175
46249
19431
13823
29848
27486
758
26132
16175
15381
26562
20199
43576
42389
18062
30159
18464
42693
36139
16848
43115
19645
23259
21734
40973
10913
34107
45841
31285
36066
16335
33957
22541
39331
43891
5390
12223
14865
8728
31378
11469
20219
41857
38663
27249
1363
47297
12955
26178
35942
2815
17511
25299
42904
47755
37043
20752
40624
36271
24757
5001
39999
11741
34766
37038
25984
37153
8203
18048
37003
27157
6200
34482
35897
10476
13657
27173
46826
30857
628
4400
29778
21644
5389
29975
25104
1071
21475
40253
42320
13403
14617
15
45470
18836
29778
17029
39232
39408
31659
32270
41025
48065
37394
334
3485
42790
35442
24017
25408
22227
12518
5257
39279
40494
34660
45870
32840
9688
9804
40136
33696
44624
40078
14266
25542
42040
21658
12555
43437
32300
48618
35856
41471
11242
2112
1289
22979
6048
26466
30723
12873
31256
5681
2072
27175
24584
25745
44173
42877
13024
7563
45922
14100
26013
26357
48136
10886
40232
17470
21841
15352
41803
22297
46975
25895
7892
13919
27250
20449
4577
41658
35301
5980
16938
20248
27293
44842
9392
45145
10591
35978
48727
24997
18663
22938
24233
1630
22930
46384
40082
27243
17858
38310
30628
13756
47620
12790
38238
39300
29128
45632
381
38755
41037
34857
17144
30681
13975
20054
37464
31813
478
32679
32998
37537
31956
9134
321
2392
38566
27948
31634
20549
13922
49559
47473
1808
49774
26892
28701
28656
11141
40172
34771
7086
27265
29892
9097
3159
18156
29821
23794
36759
536
1669
32234
40581
12965
18086
8772
35846
896
23901
46787
34088
38944
1733
1583
19710
12669
42951
3867
10392
28229
40326
26310
14284
46873
46258
44776
10702
22731
25821
15877
30554
40991
21796
10383
19930
22059
27284
5710
10540
21386
11312
45966
5109
35552
19050
22875
14371
31833
27359
19877
16904
7941
40951
38085
16626
20758
11648
6497
37172
47843
16597
8736
7147
28312
12478
1966
47818
41211
40734
5193
15076
10711
31195
35769
20618
11672
22224
1974
12811
19369
19253
38195
6759
17862
14767
34500
15476
25365
39006
2903
24247
26302
35719
35781
43200
2159
16076
33566
5016
4492
44372
7235
20317
40039
14690
39540
44248
19366
8271
30102
25420
26644
33743
35683
31725
48410
39667
24409
27309
3978
12939
47027
49433
4559
13287
3871
11394
10410
48011
2092
13961
19653
18988
24021
34968
2067
37075
7291
39490
48462
122
2083
5083
30304
45999
1356
33478
20416
24586
22696
31372
7007
4798
8007
8958
25614
5787
39007
3686
27153
44374
7669
9663
18630
25187
44135
48257
7676
24304
14813
33159
39509
43877
10337
15901
34984
33522
291
11331
10799
20911
46069
42009
32485
18415
47638
26587
22847
38278
32442
13594
8743
23760
48911
14242
3147
41022
25715
36687
42048
36949
30270
44273
2395
44984
49619
16583
22218
44570
20289
23596
34743
37917
24406
170
13734
30636
20444
20969
4838
26775
35385
33218
18371
41748
4210
46147
28441
9855
27535
19065
27583
39974
8398
39369
9
40291
159
46017
39395
16546
1249
38614
32660
43573
8776
22270
676
33331
5674
34334
45149
30304
340
20854
5989
21763
48616
7042
41312
42880
22646
10029
736
16196
6341
2769
25316
26381
39828
17312
40770
32073
33874
19688
42964
7664
24454
47697
25058
10138
4694
6890
5734
36520
40333
42410
4306
25255
15701
27903
33754
25186
20603
19880
39459
29614
47742
27245
35768
4878
10376
38952
931
17696
40912
46640
19747
3236
29840
35546
47736
13192
40597
17993
21909
8908
24854
49827
48374
3198
23037
46913
42707
27775
37520
13703
31959
21843
35878
551
41502
13416
4147
21347
39262
1219
18143
28690
18821
2733
31047
27269
45471
18094
7395
995
39963
34467
38249
28761
25861
43001
20696
48039
37865
10062
32798
18738
16318
7439
214
44719
31120
32901
35112
4754
13407
1232
48947
38530
42914
34860
48365
4158
27440
3046
43440
31332
18572
33158
18863
8270
25344
21341
37484
19705
23108
20439
25103
10195
7675
44047
11297
23637
33067
6725
27338
39074
29380
36623
44372
16344
272
3161
9193
10019
11758
19505
38947
28743
12997
4060
21688
17648
32596
35583
23841
449
16509
26365
26587
1735
6173
48813
16254
2291
39015
32770
44934
18472
25002
7522
48763
39761
30588
16066
25112
25515
8539
27235
42611
33506
27273
5159
45882
43402
3029
15124
6204
35782
2234
49893
36258
8207
35025
24596
14896
8924
18197
7149
46091
103
21276
12591
86
20440
11464
24224
1204
15165
35457
24448
1081
7922
23588
31829
42607
4382
33788
4925
16164
28895
34605
12862
32948
41268
35977
2837
22561
35826
25027
14375
10230
37268
45760
5285
10274
37089
44930
5628
7236
1351
358
19553
43197
42106
37663
45371
37524
38006
35705
24647
20250
22287
544
15700
36924
5063
23838
49351
31015
26983
28187
11406
40469
32288
12645
5039
43459
32769
11172
29222
5061
3271
10103
32028
45605
41537
45631
43042
3162
26183
33282
29511
39971
14558
8736
41824
46499
23264
49223
14610
32800
24908
18187
48998
421
32588
39963
42535
29582
27463
682
10996
47771
25131
16190
46932
30310
43600
41946
23113
24362
33990
23998
35486
9278
27163
9388
47394
43996
40142
43652
5919
38494
38476
21648
23242
40098
37619
38544
25126
42356
34555
40933
30105
26547
15522
21611
20748
22931
23418
37081
38328
46518
39305
3170
21325
26
10831
49792
22630
14624
41607
42859
45977
21904
2000
5985
10326
9118
28099
26032
28706
25651
31587
39641
42403
3602
41230
21465
1190
18182
2312
9072
18180
28298
36236
26989
33763
6662
48820
4945
10205
4958
25466
30523
46621
38978
29281
17206
49497
22208
22344
33755
27091
46787
10116
38458
20888
40504
48583
15856
13614
30893
34603
7173
8070
36388
41352
4572
17614
14882
37724
1789
36798
17086
2600
43751
41884
30677
31573
25348
25516
41281
21464
8051
40337
19413
27668
25427
15667
49036
40931
41669
2360
36174
38894
28213
28494
1341
48473
1258
30980
6045
6801
39558
23156
27510
2888
512
18964
26860
12105
9643
44392
46013
37915
30258
48031
2740
2149
2694
16969
2293
2121
27773
38275
12713
19045
41125
12755
2157
15501
23395
26776
48244
22115
26293
16011
36127
14131
18432
49797
110
7740
34425
909
745
49256
7940
17449
7794
6876
22767
43233
1408
36502
1809
35160
30688
41823
30124
48590
8442
22118
6590
49559
36978
19684
5018
7574
25995
30708
43238
12056
37435
22853
13248
35023
32020
48623
16645
12957
14941
20555
4061
45854
21736
25691
20359
45292
24956
35961
7110
17088
13135
16884
49183
30180
20948
46969
33443
940
46419
10753
46737
21124
43560
32497
33042
20700
45833
6765
24041
33700
20812
2427
15364
31879
25410
7373
47113
5892
29390
48023
1854
8683
38700
41665
30220
28124
15943
26464
29327
18445
13273
47579
9748
13638
35002
33473
30577
15296
38693
26315
37843
44283
28058
32453
1714
15373
32585
2121
48183
18075
20088
46964
37777
29181
45815
28470
36825
34702
43914
42923
41160
26152
46837
34085
42309
19401
34367
22758
13843
37869
4254
34513
26245
36837
12548
12081
13966
44545
35549
33682
37265
11886
33128
38432
43030
31826
23616
39850
5983
33596
17402
23457
24033
38653
40019
36696
48834
33016
42166
18917
22167
6525
29111
11936
17256
24126
16013
46286
104
46333
45351
11258
37580
37042
19298
34620
28666
42858
13894
47397
44927
32582
16802
36035
12554
20925
5895
3140
43242
46436
9587
28774
16515
7065
37453
28241
4959
3690
36033
27192
29562
19702
30447
549
13212
16958
28669
6391
10314
41327
17394
21295
5220
4877
31631
12635
19636
24797
2906
15017
23311
5733
32431
11857
24535
20175
33024
19941
39481
49261
7387
39603
11302
34898
13584
40203
20554
24521
13678
49134
33617
1339
45701
24602
3043
2973
29519
43781
43917
13077
23021
7847
27049
49749
14183
29476
28683
43127
35848
10055
20684
43319
5219
10082
1099
6591
44814
8561
27623
18015
26649
14378
9881
27024
49437
549
39104
25252
36591
24940
37611
17542
23044
42043
49213
48386
19065
4343
41433
29461
37452
14468
21430
10220
17676
4763
31818
20641
40786
8833
35846
15220
48971
43454
45287
495
4010
23681
38980
46114
48166
12326
3104
1943
34249
27760
36102
18321
36874
47564
35477
16656
18721
2488
25831
69
2004
23933
29872
28377
15632
21536
21587
43174
41852
35128
47730
32534
9738
35129
25753
11525
9258
8996
28704
37378
2667
37022
45817
43753
22135
48846
42128
2750
18250
28451
42196
15926
5339
40721
40027
48133
890
29998
9894
43330
13695
42650
7088
7719
12566
12097
6647
37831
49318
37104
15737
4841
24851
19467
19135
8906
32798
39829
47855
15721
18391
988
20238
46821
5249
26673
24205
24387
9772
5730
28821
18042
26360
40956
21111
34943
2386
40283
4894
23335
32832
9499
1952
22840
1722
13443
31828
41311
46906
27323
46007
13750
48893
2416
33649
47124
34180
27238
40063
29661
35902
7389
28661
7154
44771
31026
23357
36903
3410
548
36034
37620
6370
12190
2825
45580
9713
9814
16858
22338
35518
6669
15768
30268
39727
7924
42937
2537
38042
25532
27318
8783
19267
7029
27101
11155
8000
42886
10405
6103
9055
41812
35985
6074
10602
2364
24928
47708
27847
13315
14961
4493
6626
47096
42645
24579
43285
22634
22904
7015
49194
21551
15349
44387
22442
2001
34343
10201
21611
18900
45152
40149
48519
40483
33982
47046
18472
19918
43815
13294
47239
22295
6820
49195
18169
19179
27013
38484
12863
37806
11326
22152
36184
26453
682
37707
35321
46372
20596
11321
12931
30949
42270
47219
26917
45776
26786
42253
33130
7790
29215
7125
36441
8691
21336
46107
21455
16818
15136
7655
31149
21546
30608
13822
36050
26717
23545
34757
18220
41876
36405
41990
3200
33819
37485
31278
47326
44777
31648
33016
7423
34785
12701
45118
23971
29949
7277
9811
9615
26746
49236
10485
42420
15020
37640
28808
35923
15338
31692
41554
10775
32107
5331
26115
59
30406
21519
29771
42201
24748
49583
47456
47426
30206
40764
45215
224
7511
1453
6765
34283
43935
3634
4635
28758
46593
31181
2012
22797
17521
23525
3470
37109
11896
26916
17289
37475
20178
39501
49420
36202
37537
29945
1317
33749
17429
45446
16246
38231
4521
27565
37889
8913
22753
1462
26514
20378
13250
36853
43025
262
49821
32522
39441
30324
35617
15330
19802
15313
24044
3908
37227
37950
26770
13125
20062
31718
14519
20806
13057
35154
17450
41392
42531
26413
21378
27642
18133
5819
38206
41513
26457
37407
5121
17261
22428
27815
46212
12975
30492
17158
32241
31698
3398
47325
46439
29945
47092
41338
1964
17834
14818
18917
17960
20441
40058
18161
25700
45608
26290
39142
23054
15502
23667
31923
131
15456
13073
20369
20385
21337
32602
35249
35690
43561
38480
25403
6907
38567
39579
38532
29153
34325
4387
24198
44369
39934
21537
3034
3731
17866
21978
40664
33634
49605
27518
1928
37746
704
29927
17604
42808
29378
15662
11407
38023
24895
14331
12916
21328
6112
9462
22063
33432
43972
779
23572
31772
37475
35699
13792
31015
29158
973
20687
7993
20488
18983
32116
46639
33311
11575
36360
21881
41978
8808
24665
47239
26169
18529
38271
20753
20550
29027
24615
6357
13967
36330
37054
14420
25078
29852
33693
33711
38850
45651
44364
10782
16567
44651
19211
38927
40320
23964
14561
45814
9639
3847
41540
38222
42072
21800
14191
46438
35411
632
4653
22830
38453
31543
38405
15360
48026
5136
4565
17559
30308
36002
43772
43071
13556
18373
2614
44137
15128
16105
48989
17514
30555
34697
45375
14686
9330
12188
17404
31116
10113
33027
14685
39550
43970
14752
11183
31959
13063
27663
6316
31758
37592
43526
21739
9308
12052
990
5783
5198
30142
40712
8660
8523
40129
18683
37119
22770
38258
4046
17854
9132
19949
40097
20778
46757
30316
46935
43722
26990
17393
32097
46395
45770
37127
263
46472
4561
18448
4749
2187
963
42804
23664
7265
26442
31045
44068
20136
42469
43703
27498
27068
802
30373
28036
29586
2815
30578
27866
36157
47126
21214
26164
49854
17263
25186
11733
22367
20132
49568
6773
49637
4475
24090
45995
24937
20801
23183
34402
29770
33954
44648
10034
30119
40848
25321
42780
39476
26853
14751
10899
5247
2240
3052
6839
21255
38372
21526
30419
38428
23896
1710
10028
6751
16157
3172
6454
2355
9969
28568
47582
19317
43532
5145
15924
42477
787
11454
40887
20335
22581
3189
9290
6384
33353
27359
47186
24604
14650
46358
687
27481
32974
13585
14272
21950
6233
3165
17852
23874
45655
15185
24062
43969
20764
43470
25604
13958
8747
44092
34548
37933
8968
26367
49503
5041
32785
2704
2918
12333
734
470
11388
37948
9877
46454
43594
36564
41668
12185
15210
7477
36114
41328
6193
25230
4635
37150
18734
20589
342
9830
8211
9514
27987
24513
46752
28157
36538
17895
30771
38746
12747
47227
16011
16967
43968
35525
42007
32746
17508
48151
49298
38118
43818
14626
48512
28197
24627
47962
16303
34108
2345
28674
21615
6780
2533
24113
12318
21699
19657
41973
16060
4155
19365
2083
17189
8279
46836
38557
5284
26880
12001
10708
48689
31060
48336
43380
38551
36578
16595
9263
39481
47798
30928
33949
35470
3931
35681
19825
44490
32238
45927
38227
46935
11823
8480
20314
38164
819
25023
28825
6270
31605
30489
38731
48172
26914
18652
23175
47349
31898
18653
18285
48748
41639
28513
48205
5206
48019
29781
20674
11299
37019
5115
16462
41013
15189
13395
22238
11578
42508
6272
17246
853
43876
38495
21736
39891
9466
28599
5355
9607
25700
46251
20135
23793
17248
22677
1873
6616
4213
41997
47166
9966
2669
5969
15931
14237
42090
25212
46359
32937
7276
6080
41075
28659
49411
9696
41185
27358
24670
7460
42277
11755
11038
2098
15132
23571
25446
41855
38062
10998
10519
37853
12684
45682
42466
38527
29776
16529
26143
17039
21818
6584
35498
22002
35141
31744
38681
10381
31285
9094
32309
30107
3919
46372
39119
35970
10301
18227
28181
853
34952
35363
18680
5322
7381
14459
15603
10316
11273
12243
28915
25697
136
5888
16568
26163
4017
17352
22081
2575
32005
41011
38039
32011
46732
39766
41035
4198
4197
9722
47812
38560
24231
30496
40780
31167
6435
38363
37496
49380
8165
41850
338
44027
45956
34531
5422
3923
4700
11046
49294
33204
17027
28991
37713
27771
33273
3127
7435
38435
39543
19725
10462
28361
35695
37255
13736
46531
25454
8975
2123
33334
2191
3958
42522
19991
40779
28855
23218
21798
28432
821
6563
30929
9841
23450
33340
34326
23469
3903
49367
43934
24502
40513
11733
3390
35561
640
38484
41609
35497
11645
33174
26922
8371
24116
29667
301
16568
21242
29476
5035
19197
15791
10622
31461
13722
40590
15337
35976
16529
21461
20450
44616
36501
43296
13604
5559
19360
36844
18345
32568
1512
27117
46674
34826
15274
23400
35689
39028
26014
47662
19076
1591
2527
32515
342
17311
49377
23786
42732
9546
49136
30167
27222
38956
19914
35790
40909
41725
23397
34817
2885
47148
1980
39853
28065
24783
23584
26926
42504
10089
29194
48946
7444
16382
45093
16246
9416
12469
31618
37615
25953
864
31294
20480
17225
18122
3782
48648
2203
33835
46094
1162
22122
10410
2413
40307
19293
28737
12481
2035
14425
33122
2628
1183
39455
20668
49094
10466
45791
6542
19691
38532
44569
19371
37244
1139
9148
25907
33453
34997
29757
12740
32712
36713
235
30038
32289
13200
49357
2750
39017
5703
14273
2131
320
9182
44146
12817
42537
8814
47385
35754
35866
43285
43106
39690
22981
44154
34237
49779
46151
20779
15254
11852
7294
10369
1562
28984
49050
20438
33010
46920
25174
11687
17416
14920
7608
19784
7493
29832
12953
4188
10709
266
24372
47261
30284
17044
30916
15502
31725
46044
6606
17109
38597
36198
1661
46581
20432
45043
15267
9293
26190
16694
32469
33459
32342
17841
7052
44961
3970
13899
19290
47235
33889
42841
18304
25134
15790
25562
13311
27850
44055
49960
46774
26807
5853
87
25654
6189
36624
3551
12497
28059
29370
8472
10205
19362
31938
22803
13287
21898
44978
6268
6281
47850
44697
33094
49889
26486
31938
44455
23828
49131
30316
13946
22449
25027
22222
3088
47415
3903
41237
21222
3849
38886
16393
39273
34866
8882
13605
5745
19001
39428
44328
14719
18867
13472
22059
24781
9138
43819
20703
12400
32493
26486
10144
46162
29395
12484
46926
42102
1600
34208
43558
12096
32229
49562
17134
12507
49593
28059
4376
11233
42127
41315
35473
36045
39998
22926
24830
44535
18078
43203
32075
20236
46625
5344
45487
23454
4507
23144
28672
49313
17331
36484
9405
42935
29565
3372
6308
8268
34568
17074
49898
42907
49558
48883
15188
13590
49014
23155
45138
46309
34998
35037
12990
15451
39701
38943
32701
44269
25301
2499
47140
32689
35035
16615
43143
46672
32105
28974
26204
31823
9834
31119
16049
38305
21860
2663
27386
29006
27766
18870
37895
49525
35728
16993
14827
3253
39729
33010
31402
31399
30398
43343
48792
38492
49974
12056
29766
22036
36679
14699
2332
18772
32940
19298
20420
16851
12644
2115
40456
36808
11633
25793
19211
17576
7797
29795
44425
25149
30155
38381
35089
17947
33173
41723
38691
22423
15983
24351
27533
31682
27303
11632
46985
8432
4119
14884
20919
29477
40811
20689
9730
37362
25715
22435
1886
39391
46317
11964
32305
18266
29205
3854
12580
48016
20831
17271
44472
34328
20459
49773
36102
45182
24584
9975
24176
28324
48780
40572
22319
22947
18059
12175
37899
31265
38202
16673
31091
27420
39814
45148
3251
8261
15207
22805
37957
6243
12293
37000
45045
35656
47961
47750
1225
16026
9202
10880
23166
32293
15584
45090
45851
40855
34721
27145
7043
24929
6056
19524
6029
14159
45391
36431
41829
8411
34935
37639
24473
33410
49515
17505
23604
5199
4481
15415
717
43411
610
1928
12701
12207
43960
14259
47517
20313
38253
12816
13470
25308
37140
10279
26570
22251
1897
16007
24878
24817
15647
11088
27234
43670
11985
9595
32978
45737
9087
3515
14400
23344
26028
10642
22738
34342
23076
22056
6342
43651
35881
39118
41530
3748
48176
33243
28401
3462
27707
48362
5865
39011
32930
33223
19397
8607
1176
47544
10492
32508
25566
4114
45923
18693
27479
15661
28085
6793
25109
2001
6392
34148
28290
11456
45515
27581
32944
29663
970
47709
37065
42371
21607
49499
9093
31777
30905
7077
39133
38744
25119
5109
825
45287
39915
28115
38066
6971
4705
18241
30186
38821
44103
20616
48488
33336
34231
5831
30905
15423
14076
20903
43711
7075
4544
47531
27242
33572
26802
15636
17807
47025
7483
24503
8443
33274
16085
44267
35692
42986
37128
30897
16519
36475
22994
27457
48073
37861
29751
40134
2251
26386
24948
10247
2144
27461
11065
5911
21757
5697
45511
29442
23896
49815
45446
20494
11887
27491
45276
4586
33686
17049
2639
1122
27629
4753
25553
42946
477
28273
14752
41780
33147
27015
26970
4121
5692
8102
42844
24225
33693
9020
21722
12461
18119
19148
43810
22276
14993
30304
8904
16000
16684
49080
25546
19393
29194
45061
33961
21068
24677
24171
33797
27798
10087
35720
19600
22767
42712
12176
4808
39069
33944
26472
16480
44698
18494
35669
45065
21524
17428
48735
24111
21687
46940
14990
28718
20575
12250
47997
41125
46210
13964
32338
10540
45569
13159
29574
12324
25613
41845
1372
15984
13847
15324
45578
28338
22831
34917
17803
49347
10507
30393
28065
16371
34817
26262
47339
43076
48103
13513
28836
3713
35915
39570
42352
31730
16033
19002
14636
1176
13207
4947
34689
26746
46877
25327
7203
19310
34086
15380
45283
40564
42125
10542
7308
38894
37234
30550
40266
8250
48243
34504
19273
21394
24700
39054
45250
27904
22076
30753
44751
24785
15495
4074
2314
29886
45692
29929
16715
23361
10060
6825
22218
18059
36200
28512
31813
46096
873
28132
26634
34204
33047
27859
21863
48525
38589
46773
10874
25166
7178
3819
9075
32348
20901
4365
36636
32730
40008
15852
5564
42012
17363
17032
42353
504
43821
47327
25566
40202
977
29388
222
38564
40333
49397
17113
13550
15025
15444
44667
30488
45626
19422
13219
36600
33634
27804
17498
13039
24748
47790
23092
17505
30125
22419
25231
34498
17491
31034
45722
30908
27863
9970
24810
18385
18123
48475
37318
16048
11611
20669
40910
20984
45448
49829
10607
8789
29948
5417
44487
32162
48679
20365
16729
45252
46798
26982
3780
16004
18939
10691
18478
21125
30762
21630
7151
44809
43264
8665
960
37960
31894
8078
38258
35815
33721
11775
42286
40269
594
24176
20017
4075
45370
4593
17547
8459
49116
21068
20680
9707
27618
16871
38513
14785
31883
21783
15077
14526
1227
30069
48124
29029
10563
41976
1514
30751
48707
4382
25137
30583
7629
43364
32094
4373
37870
30361
38259
22507
10424
18303
20860
39765
20028
25270
30797
29956
7003
32801
26358
49390
45996
44967
20426
17890
26141
2106
35209
3212
38038
8869
29490
47309
46898
44851
40129
27359
42725
28538
18802
31347
19178
1115
35227
27176
12379
49441
18393
29010
32369
10006
47280
5638
11472
21559
17713
42090
34539
15125
32979
30907
18838
27057
17535
31545
48055
40860
28257
49371
44482
24627
4949
13606
12240
36499
43962
4905
14132
15012
20308
26201
44677
26931
21652
320
10715
41220
31557
9684
36369
5397
14604
17451
43384
21384
47148
36912
40277
15496
13656
47849
43251
18816
24970
41872
16028
43387
34601
28659
2386
10112
31036
48150
1222
40408
42017
28879
18181
25704
18605
21151
8385
45574
1419
9197
44396
36168
43090
4754
34706
34651
12719
29946
47400
27008
47548
4183
9272
26118
16679
7410
44531
16498
47846
5567
12677
49437
43300
33304
26234
38250
48208
3772
37754
43579
18615
11481
1216
13174
32357
16601
26824
35028
33017
23621
12855
40309
15929
16842
14105
15921
10583
27821
23250
39810
38432
48515
23035
41028
4771
46728
19908
24029
5876
20190
18966
34613
11672
4711
37015
34143
19517
15135
35238
44752
32335
13825
7084
44517
10470
10489
29048
24736
5949
21341
6483
48395
2295
34935
43675
9298
44047
33519
9465
48692
2703
32802
43168
45501
24377
27707
31478
1687
1976
33734
19375
41363
46235
43072
21916
26876
43869
23953
34297
11950
33501
35942
46616
32015
7604
20947
13448
38604
22949
44824
47213
4057
30396
22767
40832
3795
48095
13269
10668
35603
25147
15359
686
8961
42304
25011
19077
46365
28594
48835
10868
20329
38371
20709
9946
26932
9154
10788
19877
49968
18847
10476
21180
40421
19455
35002
1271
12114
5809
42505
614
43589
12942
3810
36707
45803
35261
3813
1906
24784
38758
25182
3365
41039
13303
18381
1722
14425
1011
20362
47738
903
24828
25369
25542
15790
3276
35448
10724
46067
33086
26939
49322
47559
7148
41950
23118
17335
30277
4138
44350
5679
8185
30188
12645
3189
34208
48489
36818
45216
34312
46715
39667
34023
30619
35918
22105
24005
42437
12137
37343
44761
35660
39557
42783
2266
28396
22132
33134
19895
8017
2481
20938
47104
33458
4784
43608
12262
31847
28588
25512
41290
42633
22856
9714
15568
453
22464
23477
46558
3126
43238
29756
41111
48635
8865
12662
20975
22771
38000
46634
18055
2437
5747
5720
8897
23441
36506
28278
44357
12815
17128
37547
36367
40541
6836
8807
391
43937
48713
49952
495
47723
26864
17009
31152
47233
49642
13855
22302
12026
42961
5124
20992
4659
34612
46008
33948
43309
7954
9177
16707
32239
5309
13751
31111
30180
40007
19909
45782
49161
34320
26154
10688
48036
43184
8685
45759
24439
3239
25168
31209
31786
7973
42053
37898
47835
30894
4919
27752
33507
48070
16734
1378
25252
41954
28294
506
17280
9839
24369
28393
44169
30781
12494
22569
44632
2727
41527
21396
39244
17706
33333
12747
4171
35548
32679
37007
39318
25603
43492
33999
44370
4641
38548
44169
7488
43415
14022
18107
33219
43054
8988
1359
45662
25074
25723
33664
15395
4738
16068
9795
36470
48
38451
18092
48942
31141
23620
33917
43200
9471
20778
40866
14980
41142
23500
43275
49099
16110
15692
25650
28017
4923
45853
18338
11524
834
37779
16118
7492
6909
32007
3700
1703
12422
32936
387
49645
17418
13761
44662
39262
43686
210
35706
28869
4833
7026
47313
1768
41556
27095
39751
22421
46057
41238
13682
42049
4954
13702
26157
28589
47708
33697
14481
21549
44063
47720
48868
46651
11902
14548
25863
24378
24933
32810
11012
28079
42904
45354
13993
4450
39971
46955
18980
24264
11244
14594
46129
10409
1959
27110
20065
49026
7936
32474
20836
32321
38104
22765
17043
14502
47796
14466
23239
27793
1549
43866
21254
29307
33635
27730
27971
31883
39350
40185
43614
16098
3162
23296
9582
7062
39560
47616
38728
16372
8470
48465
13401
26265
24380
22619
29008
17606
22835
41119
6190
17397
23419
4228
35920
9593
32856
19205
22862
2462
34188
4471
36334
26069
44155
18700
49367
24084
27941
8291
44623
38310
4900
29452
7511
48666
25276
20874
47424
37509
41166
17734
34587
12591
39037
14658
23821
43577
19175
38958
38743
44512
22103
27396
30360
37690
6470
34984
19730
38236
48868
40862
37399
39005
47466
14524
42045
13098
10266
11931
47813
25318
9998
18007
33799
18408
18972
24306
10861
28858
40049
24598
1674
37001
9541
4925
46766
3597
25266
28052
17247
28555
7648
43797
44861
45488
48077
37385
31636
22196
12905
36696
28468
40483
1830
33738
10323
24205
24604
17828
47349
3655
44994
45716
25893
835
2442
13291
8257
46612
8449
20693
31707
13911
46175
35012
28370
11774
35052
15212
45937
32819
9425
12012
40712
21233
1369
43214
34582
37699
36772
20170
12816
49608
20315
7538
13213
16490
36102
48374
22869
9977
24666
1957
18147
28582
17003
26242
45719
80
34120
35453
34955
28644
24354
11702
28127
39315
9890
5833
25043
15711
49689
8627
29115
42457
43192
8047
35906
47139
35381
33240
36758
41912
19589
39501
31509
12799
44493
22259
1139
43526
33115
23966
18830
45188
44662
33341
8811
31744
21101
42782
5345
42726
18282
1694
42733
29833
34372
20431
43821
40319
45367
17673
11868
19168
38124
41714
4601
20832
35612
857
47089
11803
38288
28271
23523
22580
27053
14554
30242
39160
31075
6919
48447
9786
45832
11606
13816
48815
15313
15933
9257
45026
40835
48039
739
41681
179
36177
5435
7322
23947
15005
31548
23973
46549
27083
38120
47310
44772
15168
14108
2291
37662
10170
48260
7429
45148
41307
630
34153
26117
45463
38375
5140
21332
27670
8379
13785
5545
8083
45611
34159
44000
44125
26911
39855
21982
20848
16593
40716
26505
40824
42497
7754
6929
15628
21985
4269
35798
48032
22015
20472
40399
45664
32517
9393
39229
43873
27048
7720
23255
21170
26534
36294
29447
43335
17651
39821
8718
8098
2510
34985
26627
15075
37931
12751
34432
25313
27837
12805
27911
36958
48570
19006
44813
32630
41299
46478
24760
32853
40091
47301
42039
2943
13104
40516
40693
28300
39288
37634
36174
40126
31473
3193
19261
35402
23223
30027
6609
3661
31001
24782
22962
1034
167
3667
45192
39293
42353
25308
14356
14895
47951
46420
24629
30639
8491
14681
18098
30551
28540
2978
2093
6228
35956
41268
43748
32231
22585
28599
37526
25130
49566
10060
28087
24654
3854
13353
43364
2528
16063
10364
33054
26895
38861
10556
915
28955
20482
9688
46181
28668
40615
12548
4867
36030
5191
36600
34409
31961
43532
4120
14626
8287
1789
29742
44263
2551
34795
42057
46454
45373
7814
10400
36568
39640
27492
1513
35216
9080
33102
44467
33653
20175
19375
39388
8720
894
5393
18336
16789
14561
13858
45106
26061
45384
47572
47232
48501
3763
22550
46004
13067
29157
34439
20503
2739
18253
33062
45979
42254
16647
9271
23481
21067
13878
44520
23253
37878
19442
19403
32711
22438
36294
11566
1373
15904
7439
26949
20694
14265
28480
28355
43535
27686
39299
2536
30335
42858
15050
18182
16479
39596
46710
10725
2628
2935
13823
17950
15619
45316
29253
45635
33599
43114
33592
13755
22828
1822
6689
17270
44339
15325
37492
16042
15844
16450
4199
8451
4080
33838
31081
48879
31344
19177
45809
12761
40176
1273
49588
41095
38326
14034
21225
38457
31500
13189
23494
11621
16485
39771
10732
36455
26208
9100
11802
1811
28437
27126
19631
39568
13183
9982
42171
6503
32630
28779
23764
44626
48921
29548
48623
46351
17023
42769
2336
32249
46399
18680
40965
48184
5617
433
29595
33955
18731
47727
27809
33380
29775
18340
7128
49205
30268
28767
47641
20655
33156
17200
4786
42369
46768
22301
45139
23058
13661
20799
10891
43672
38489
20981
21947
9642
3515
26764
41733
7237
45307
42455
40626
9785
39582
24826
45991
25676
24387
16565
21076
33329
45381
8237
15034
42598
19262
20852
46114
43140
39903
43413
40724
48946
16008
7859
42711
44954
42732
41828
49759
36827
20862
43639
10908
15268
42765
22281
25879
36982
32639
34438
5551
446
1678
35079
16935
43383
41093
48
2013
32977
28356
22674
10037
29235
15644
6357
13185
17780
33618
40626
28644
8806
33648
48823
43246
2627
45839
27855
49987
25528
39114
4376
573
45926
41843
7679
23173
44508
12367
3200
5582
32990
38454
3064
19404
15565
6999
283
23991
14964
452
34037
2157
11472
32540
12899
4645
17374
38082
40591
42797
22548
6697
48949
26564
32044
2907
33435
12396
3987
40572
38291
15019
15882
32642
4485
13348
15273
25535
48267
11647
28571
16964
48388
27143
41527
6314
32146
14029
42439
17085
35248
34023
12018
25571
40625
793
9463
27150
2432
12599
26737
47373
6864
7749
41842
20807
23350
31853
42296
5738
22503
32255
3314
43074
667
17489
8570
20764
35711
26837
25259
40341
18867
9364
576
20371
47689
9630
26783
3608
44173
3259
35942
15211
45664
6394
38560
40553
18552
1877
39376
14887
16082
37743
37965
7022
21960
20732
13267
36674
9802
12642
2000
10428
2423
27964
29252
3489
29841
8881
14186
7224
29304
37337
8310
40428
1870
30449
17984
41682
48724
4210
27391
42839
35021
28867
38584
35102
28290
26812
36110
20869
5019
42159
34596
35292
34571
12919
1450
13329
12311
39268
1058
8204
39958
31285
41919
732
38040
22446
35940
29981
1725
45456
6975
45863
15037
19612
8489
14171
22963
17109
30677
32959
9406
36831
47671
40956
44091
41938
22949
29704
37735
43987
28317
20792
28620
26588
39277
2681
14280
37543
12270
5942
38206
26177
27672
32102
3496
9709
24419
45587
9932
5842
8730
39334
19822
17392
40938
17452
20323
44234
3546
3672
33560
35659
37646
46548
18693
37793
5044
36358
16905
20807
20870
33977
6650
21033
21074
47687
29734
10128
20768
149
39262
16946
4089
15242
40256
21451
7835
45426
31807
29700
13782
21018
6506
21969
27035
30840
16747
18207
6380
4010
18939
13796
23221
36893
24207
29272
12244
32883
1504
7168
43432
24555
6920
762
24987
26896
13316
37109
17955
29506
9568
38016
14929
32646
11717
41592
41899
49278
14022
3287
23056
41236
40694
15529
10029
16570
19946
23510
35917
49752
6575
14132
32436
32163
19839
27427
504
46634
35998
36504
17013
15656
36666
45802
36763
37632
16085
5294
38026
34429
27123
20621
23744
42799
8507
31340
3912
1450
30867
29919
32128
6771
9589
38569
43336
5463
41133
24582
1246
41546
7944
35911
6901
28606
45530
32041
23171
44289
35813
29647
31796
7632
48285
13480
43028
44251
30602
7145
12151
37874
24527
41963
45745
22578
31500
48679
24389
22652
12476
19889
28968
21944
32292
7305
13746
25064
13980
20096
22587
10393
25076
43534
43095
44834
15558
41266
20254
23172
16799
14614
24801
2721
9183
46824
30706
29071
8042
16686
49359
13956
22230
10297
15082
7850
45306
26123
42702
7693
5573
27070
24745
24884
12037
2959
37039
21284
27010
31571
23069
40269
26696
29480
5246
41690
12888
25946
41324
13967
26344
14394
16477
16598
35396
36046
8164
21540
32019
44962
10154
41162
19423
30548
45165
7104
1357
32902
12248
49052
11905
35311
14410
19552
626
41303
40678
31646
44786
20194
24029
15077
7277
44293
31968
16741
28044
41401
35799
10488
40337
26380
32713
36660
28390
32794
34428
19940
36424
45767
12233
31527
21517
18082
34834
6515
32532
29739
2013
36491
8698
40878
1420
11501
11911
43698
22539
4617
29300
5021
42704
16116
29424
6248
17644
43194
6004
16176
43848
27092
26255
48502
16742
21502
5851
11729
7600
21885
48307
7684
3801
34004
30576
20824
32521
13539
45620
21989
17517
45346
40411
49779
28476
49237
33243
16354
25604
35549
12145
1843
27879
10752
34986
48640
3520
9810
8104
24541
28221
43547
49413
40992
48499
5101
15992
23083
26025
34722
6334
16083
20173
7488
16773
24412
9155
1179
14689
23208
23102
24680
21757
18005
36303
2377
48972
37071
23277
18994
9627
13037
5191
20717
16173
5732
7859
46097
46384
17907
26984
4067
27410
10672
34685
46091
3782
36696
32237
2366
13382
23164
47322
5000
18346
36250
47494
23218
40489
10740
37611
11689
46259
49737
13633
6453
8839
26575
6197
19226
39087
38382
3602
892
36237
1323
25953
4603
38139
37999
38425
44546
17840
19947
46037
35369
4612
31554
7200
11244
16373
23542
46524
12446
21377
8697
41688
4365
23097
8484
39877
49787
8224
30107
30970
4882
6959
29778
24747
40361
29322
49649
2995
35766
5919
41213
10299
36098
6964
26929
7745
12746
30464
20432
8588
21347
18538
9835
18019
42019
48206
9038
49790
25249
46509
41545
22544
8257
35424
35667
9923
39133
1324
31725
37102
8712
14032
33320
6616
41637
8510
47845
22062
17044
28523
45094
19364
38725
35727
43711
24129
39626
25478
4662
35796
665
24812
2812
15926
37718
21336
18158
19770
19307
45992
15232
46359
36892
17539
10226
35797
36024
8588
15048
1376
7422
13800
17444
40256
17324
25320
41461
23181
2177
22967
23763
4066
38379
16694
46796
16575
16822
5205
24187
20652
313
47533
34780
26678
20248
46754
29406
21736
1137
6124
45273
41355
9274
19726
10375
6213
13129
468
38788
18282
4022
11498
10119
2607
289
14062
45560
6405
32957
34765
38784
11673
31920
39991
47705
7901
5767
44014
1739
18297
22511
26994
24219
22086
14385
18204
18852
28859
45098
12453
39700
3940
6596
34195
18162
37952
5108
15806
3601
46183
33037
5172
45722
22010
49068
49341
47037
7486
12556
42818
46307
11508
34219
34208
17784
30726
36787
11869
2063
4629
28854
43802
20909
41086
8531
12316
3021
19149
2327
7572
12456
32726
44232
7244
26066
21894
46086
1349
10791
35068
21248
36353
47740
38681
21745
7379
42831
39836
6552
43917
15828
31583
48831
1611
14970
19286
5922
14594
671
37317
38311
41778
42220
9692
43228
7711
366
4398
24694
366
2710
31779
101
45340
49520
14882
24290
14628
33487
11477
24375
4400
13758
20934
33257
32671
10003
3485
2377
18138
14710
11546
7178
24016
29275
23299
2143
17358
21676
25117
23887
7617
14010
21148
48883
35566
4816
277
6284
35707
37956
33052
36912
46100
32905
27275
43815
2981
27840
14851
25130
19715
41975
42104
28258
20821
41296
14589
14814
43252
15803
9612
8398
9142
40440
45925
5933
11065
19924
42134
14130
5103
35022
7657
36068
20233
8414
27892
13146
46894
1014
14089
5571
33846
31832
40707
6842
30483
42941
35894
42386
14737
4052
2190
33142
31520
32295
32863
8960
38037
46129
47853
14118
38843
26479
29376
18775
16671
36520
45312
9465
16219
29069
42518
47655
44412
28053
146
19229
26277
40291
1268
44361
16506
23303
27494
10639
17857
23689
9997
45031
24569
16009
14268
7673
13930
35767
28950
1859
17274
25324
34055
4547
30528
39624
954
24412
18112
49893
49497
46035
18982
49404
26648
5532
37927
4593
28354
48402
46338
3979
35291
1769
34852
49767
43407
13449
13597
28532
35807
7307
20589
6024
38458
2893
45661
260
3007
7734
17205
25059
32260
31325
15122
14834
8170
37424
19460
1453
19872
1082
5105
44443
2259
32424
38333
160
22614
42945
40262
6991
47244
8496
24888
1118
49079
30062
25959
4548
35999
37429
35083
22090
11080
35571
4526
41923
12772
7332
45498
12529
35387
16151
28533
15254
16446
850
21658
34053
33011
26139
23842
34523
16617
6077
41861
43357
19332
17628
44488
6412
32245
23232
11525
30686
31369
33863
9202
9330
30801
21997
27856
14348
17699
6633
3036
7954
15688
17993
2955
28047
45881
17505
23143
18025
43048
28877
16024
5612
34041
13959
26249
44528
40617
1942
49457
39756
15554
28797
30472
42083
31698
18609
7199
20574
17659
5003
38496
18176
49609
24424
22645
48706
47474
21546
2468
11674
9650
32628
23941
15771
5322
39678
8960
22935
21976
43273
13860
17918
26229
26732
779
17858
32539
22395
13062
29460
15725
15198
1109
34287
21837
3416
44095
30133
30476
48131
11294
21742
20893
15754
29670
11292
49199
7061
11857
13817
35968
46010
13302
11045
8702
6283
7696
2205
47264
24314
30670
12537
22528
15725
19369
16963
47068
4029
3861
38355
45058
14191
14305
33404
38782
18870
43710
14543
37225
19726
44830
41940
41509
18208
27688
43570
29971
30723
3845
40253
8963
23987
34882
45059
37149
6801
17364
45199
4535
7469
23828
4774
5929
3075
21474
29474
30338
43064
30014
47342
27862
16639
3498
23620
36830
23490
4731
35233
46552
27790
8959
47508
11679
24904
34973
49903
18002
32414
35262
22304
43893
24895
47543
401
1188
31187
31596
18494
42089
38054
19842
10430
1989
28827
28460
24324
33699
4020
26289
1273
10289
44735
18624
17660
33524
23886
23214
38469
48195
41431
49849
26269
45558
24031
14651
22326
17098
30476
42737
17544
46418
8603
10406
47580
9656
21339
45843
16285
46785
8759
33541
14919
46732
19427
41947
44820
27535
26870
6142
31202
11144
35594
16643
48788
32851
9059
40382
7546
8398
46451
28702
48898
34166
48306
21953
48962
23961
23606
22418
33631
4286
15023
44725
22997
49745
6016
17183
36202
18235
49124
22370
3282
44088
7107
6003
47367
3273
11113
43929
7164
28532
436
48485
26302
39876
27658
44301
11208
22452
42920
8441
29701
21244
7922
17327
40886
1026
2656
435
35976
13469
39958
30295
24202
19042
38942
3060
35515
47308
43094
13492
48486
34088
30882
35766
15873
7797
44409
12629
42832
13085
4817
34469
30652
48739
43130
25310
31210
11213
49730
17312
2689
43536
21051
38926
1625
36183
30483
5006
26719
27583
28409
42568
45900
49358
42037
47907
26021
18702
5339
36505
35528
43316
6743
7615
44976
35988
46163
27795
12545
7442
4218
10680
2603
48502
48226
7394
12231
41011
31529
30474
12644
5666
33779
4249
10451
12599
3524
1139
37631
10873
29363
28629
20979
19191
16059
43245
43625
27258
26362
39090
27396
11847
16573
3274
44415
19374
43787
16437
39447
39398
20511
43814
47437
41777
26472
44118
43165
13961
46347
36548
34644
47229
47337
18301
35741
48515
44495
33262
11253
15502
24952
25288
30327
5003
47253
36592
46106
9084
3242
44500
49398
47411
28175
6341
47051
9719
1787
18510
30328
7725
19932
19138
1150
290
23809
16098
38836
43361
15211
39270
3070
10797
15633
28941
40583
3082
27028
33296
8898
45740
19063
4889
3286
2715
36777
7311
1639
23117
41206
18582
49669
27176
17625
23129
7893
27729
28556
43644
23092
27919
34923
34221
2492
14030
38803
42912
8217
22164
24810
5884
1731
3416
48873
12331
18873
13020
18819
11586
14456
44631
3911
16249
28256
32062
6725
29854
49222
29085
33490
18520
14706
23500
21388
46801
41573
33579
1461
24706
7266
47272
28242
11084
40413
17431
37263
44383
13186
26584
6907
31851
88
39602
28440
12440
42572
46381
10414
40426
29296
7026
33810
44834
25008
14631
24401
7457
43501
48301
47702
14005
5996
2982
28290
42816
6851
21435
39436
25749
42635
41726
18831
46591
45850
2743
20040
20056
33432
47333
28966
21081
41645
13494
14760
19608
45022
13687
22532
25128
1050
42834
9399
18514
10022
48113
33315
6991
19648
35776
8068
36379
17631
28758
11988
37879
28030
28897
20702
3557
47171
5597
39298
1134
42516
47736
20203
789
48716
15205
48925
49260
42676
29728
34614
46069
24988
32967
37968
2736
21936
14243
6089
23949
14109
30357
39970
10633
49516
6583
5087
5422
21582
23334
34759
3185
16773
5765
35928
8458
49777
40975
16100
28538
8251
26527
24591
12861
605
287
14512
3175
48378
12597
6882
22033
40670
17437
48445
45481
49394
35762
22663
40906
14531
230
1014
2441
23235
586
35717
11916
10991
31362
14617
11711
40766
32459
22626
46957
16573
21314
46676
14099
6824
108
24826
45010
36511
16848
7590
11654
49537
24485
33028
23516
19432
44525
25525
28829
30549
9379
38104
42250
41723
11705
40462
28012
28569
14442
7460
7070
49519
41885
16111
47427
47297
19890
13797
18000
30398
27550
18504
49588
32486
26271
47800
44141
3193
8422
31115
26786
15359
22852
8352
24454
28085
44032
48215
2810
28435
38737
15725
41748
32001
37640
2668
6455
29451
1317
10732
30680
27834
34405
46532
17821
17954
13413
5920
31346
20469
24068
5823
5025
34541
18149
42000
28108
14250
20003
3665
41183
35010
2614
10827
8449
43693
3347
10496
17601
27821
25493
12725
31540
2045
41452
3744
47998
27038
11562
41050
1614
42500
23720
27133
13529
45655
5890
43415
26569
33968
49370
12859
13699
20629
46250
9099
6913
38055
25629
36193
25810
15689
26404
523
35006
36918
12269
15855
27404
14496
29368
42556
31926
8889
32120
37462
9648
4744
9387
28923
22933
43998
17760
1975
15281
29239
29093
1953
33417
23035
15398
8738
36580
40890
1174
5530
15952
25551
37260
7392
42845
49692
16232
15668
45962
13592
16122
32030
35451
10524
33046
43919
29023
7257
30705
22280
32163
37296
38848
37638
35778
30953
40538
8483
38280
12889
16441
4389
32078
30796
34043
36597
13892
16348
25412
43270
38019
18181
12952
8756
33986
34864
44974
210
969
18647
40600
16511
14006
36944
11381
47412
3012
27229
19660
48484
24344
44735
25764
11125
47992
22132
27879
20835
17612
25185
44625
24688
46377
25881
17162
11526
6890
47794
14652
48002
45733
33720
47041
39337
10722
22482
14040
25924
9255
15310
31654
38856
3423
3551
36553
45135
12163
38894
29199
45212
23845
42495
38368
27683
15027
41074
16255
7422
31536
32467
9937
27717
24838
5457
40658
17929
12357
2144
25293
10672
32948
3700
9238
5117
47692
18252
31490
47672
15769
28645
19753
18190
6372
32014
3889
9440
32941
39014
24198
45608
9116
47550
16839
36413
44219
17636
11438
196
25149
6621
28508
24832
39448
42814
13532
49898
49364
27648
26883
43514
19741
35986
12751
12397
27316
46562
16678
30314
19490
30136
26255
31337
40338
31620
12203
31712
18534
49815
8278
15692
11207
19665
49765
28749
41995
49416
11083
35260
17886
21474
23940
35866
20014
40006
10269
45923
37280
46662
37417
44322
29297
49896
9944
7759
12549
7758
41132
12686
44082
46373
45453
1241
16907
13454
2515
20140
5078
94
12996
27197
37258
37845
23136
21989
13001
44144
18188
1063
20690
29476
9880
8460
30755
22683
2399
561
26162
27052
25603
1567
13997
6072
37187
49288
48629
5354
48771
46920
31035
8186
40659
11681
19620
3016
1671
46703
14980
6814
46528
42338
21883
46343
41637
28709
40936
10453
29379
28009
10491
6064
4109
15448
30990
2582
38249
4302
14151
42743
25446
7656
7561
32780
48957
20752
12638
25973
1482
38498
48165
41266
43375
6230
16088
32840
24291
25151
21424
34943
43162
5638
8391
21
22905
19156
5304
26144
39369
21707
36990
22187
14904
7956
21808
17111
30030
2263
42761
7663
47811
25528
42699
8355
35851
4230
10004
40565
6247
21176
17641
40583
26979
26536
43107
29480
20915
19590
49646
49039
30719
5825
18788
21719
20632
6346
44245
2415
32997
35692
20045
38642
13905
32739
48521
15781
21674
30407
29255
3881
26053
5988
26904
9326
39173
16700
45985
41939
16594
10568
44986
24457
22029
28531
35990
45518
27105
20613
46916
12516
47827
21046
43617
13331
7965
19247
47909
20571
14488
29056
26407
20165
20499
17251
15547
46246
27570
26712
4704
32578
13143
26867
28536
11486
36417
46946
17479
49652
5516
9299
33896
45384
49992
2321
49942
47014
44896
44094
46229
5074
26990
40924
32761
26311
37202
29442
33317
18513
28271
28150
39612
46925
6741
16279
27923
7376
46555
36617
48750
21662
44044
31003
18892
33124
40541
13645
12320
26217
8158
49501
33822
42293
22779
18400
29318
30880
657
35577
35104
11247
16929
41328
7762
15772
5884
3555
24352
27123
37998
40345
44750
6326
42806
36524
38303
4370
19296
42815
34565
48787
24285
46454
46365
10140
16085
47003
37658
28073
2504
7523
15434
45281
41568
29596
9874
28909
7261
40729
35730
46060
46558
4600
17621
23719
42459
17363
18981
11515
32451
13309
26192
46600
44949
22190
23635
17381
3321
35910
16170
10217
21295
31529
46857
23108
47932
24724
13233
30322
6122
7251
35971
9916
16489
36007
49118
18706
46428
33577
27683
38049
22188
33299
19003
42741
14565
39746
12084
11823
34659
9695
37874
36310
41503
21322
12792
10628
45487
40856
47359
31833
41026
42646
32903
33330
32998
29918
29286
2035
26841
23610
1375
48289
35377
32958
35649
23519
17977
45943
1500
34405
37385
41615
10061
40921
18561
16902
24976
16041
13945
5854
14355
35157
16368
24000
10848
3102
23316
16451
41050
1166
8594
40958
327
41234
47369
42449
42397
35973
410
6301
31275
38278
18428
38838
6569
17977
740
38034
44798
21607
18963
43455
21169
32006
17156
8189
22389
49251
38108
35805
13672
14111
19469
11770
23531
26769
48164
44234
30961
47024
8504
16182
36359
37239
27296
39502
38113
19306
49977
6085
42421
45949
2697
3986
10278
20209
10674
23270
43274
7640
36270
27464
35185
738
41651
43726
26980
33956
22373
36362
8164
49803
18630
8381
26455
29290
45615
27654
43452
40136
44502
15548
3717
42339
22433
48668
12435
31331
26060
29790
28543
8561
27794
48632
30582
4636
47202
4069
25508
45036
31782
5771
28201
5477
15299
8340
15414
45192
43918
5169
40714
672
36921
8398
11581
8149
30445
26426
1104
6512
46508
5208
11011
29408
13153
34641
7386
36099
12544
22695
24410
35432
32226
28424
30286
34826
33980
45901
12826
11746
4523
24228
24616
14141
1907
46197
47011
20256
18078
48016
4625
37880
5946
18866
35385
3084
47017
47240
26032
31707
27871
24728
2500
45409
12614
24105
24126
49536
45631
12872
39629
5488
16524
2599
26659
4300
26015
25733
8503
45620
21192
13986
41030
47522
26954
20598
47703
43321
27683
35074
29541
34644
45360
15490
25351
17556
45382
2190
31661
28767
12135
31640
23211
28487
41086
8825
36521
11693
43970
15721
36745
43348
38793
5942
45728
14345
17002
11259
34914
25017
44089
46982
17672
46552
48178
30943
36488
33202
3982
32117
22444
22409
39104
12328
47697
31358
8988
35089
44246
33402
3060
18854
23351
5660
18173
7659
17216
16342
35194
29128
35991
36414
45147
12940
5465
15034
15704
49579
12003
19558
5591
32416
257
7794
16676
45584
14149
25434
30564
42539
34352
23855
14061
1337
17058
45954
20688
14403
36396
6982
21606
