52890
55272
36631
68800
3252
14599
55414
55758
84958
62964
51175
39771
26282
53928
34309
27455
40758
56029
38781
64836
86727
22421
55108
52575
36250
95787
71229
11448
51215
59923
27244
47729
37223
30616
99519
34487
41589
21779
33097
19756
26869
1988
49803
81880
75608
56620
36793
25857
47574
69891
90979
26989
87654
4249
38425
70771
80162
93736
42935
4590
70860
43847
78034
3145
97156
81852
42264
72469
21521
27717
8855
15991
11117
50997
78296
24180
55674
10004
61798
409
52475
31904
64221
13383
82711
61782
10327
9285
69123
19117
72784
25260
16355
21422
54454
48447
97062
80357
32474
47672
52685
67995
25192
98690
70718
12258
23141
40561
8140
16561
99124
20465
29424
96700
10858
73341
14887
4457
26780
41092
90497
73206
76078
45108
53086
87240
39314
64263
30375
96136
63887
67518
97994
36908
4840
52130
28153
99399
47968
93864
15395
57882
61774
34153
9090
66791
43097
89095
62720
89092
70374
57215
88931
50259
58228
53986
37696
97047
97603
46588
66807
56116
27271
80238
66186
78897
66420
47809
25833
85342
12996
59483
8198
44035
17930
43551
41200
23274
87103
18003
79683
90117
40455
28198
15409
97456
19195
60851
3440
77695
45183
32366
11993
65674
97915
20579
7762
17072
37494
66548
28029
50064
22574
66006
37543
5071
40647
80448
58559
22905
67511
69046
32163
61740
97045
49751
3104
82770
87997
57195
37075
40320
47151
91179
91285
23090
1261
24519
18141
99102
2357
67611
50916
1758
7594
99990
65645
12705
29479
98807
3800
50649
74621
24519
86664
86372
7738
83263
52518
92023
71180
73086
63694
76857
32527
44409
91246
72151
58128
97575
75229
82871
65667
32079
66029
41620
96605
71705
50770
38954
83428
61718
50287
99992
21775
72469
49946
71696
73053
26316
25325
35783
80631
99284
52349
5480
36580
9474
33187
43343
41663
38981
63530
68690
69442
90638
36230
65001
52397
93779
58374
8134
767
49369
41700
82568
41107
69436
5755
72550
4071
48210
44137
25084
60604
90461
48317
16891
4137
57976
9648
91096
391
73721
81546
86933
51394
86027
45638
30255
62164
90168
8100
2476
81669
74103
76763
6085
64911
89976
41778
51370
9351
52413
71835
48015
57728
74154
10247
28354
55774
19099
69481
7841
39026
95800
58854
39366
27309
22866
47804
20128
23017
5985
81492
69296
64304
79754
40587
20507
32742
57408
37365
74103
36656
12996
47627
22421
79312
16174
71345
58498
51771
94341
73756
37489
77765
3770
44573
39406
51989
73430
67902
25234
21068
21317
24519
31948
22655
93964
27585
58391
38936
22089
14069
46330
8359
73933
79553
40890
61086
4714
40506
95866
14488
56161
77191
55688
95726
89897
29255
92750
3385
81037
7365
78731
2206
95883
49979
39026
92677
65382
35704
37968
35831
61988
51159
36951
91117
77069
83549
82865
94247
30363
50407
74503
49666
77840
11677
6775
26191
28129
20461
57047
57873
86244
31737
1524
62398
80601
17199
55379
26357
15419
93098
61864
12315
14088
84796
82384
82124
95457
81712
77086
86863
84248
79762
82603
73422
25345
10911
54785
69255
67412
13466
915
8969
15305
47935
96265
65667
9589
27571
89321
48003
2257
25935
43862
2773
92200
20797
14629
78641
36270
82934
89170
94027
21818
27043
63198
66122
16121
25023
48776
33263
12435
97837
10700
33697
52801
52518
64293
2987
18574
51613
10496
70718
18566
93289
14065
50062
25895
62253
20015
53996
26674
93516
49810
41340
33361
37075
9600
64600
60852
15798
57463
64040
61253
78856
61975
86500
91545
5840
25383
72132
64860
12117
94031
1950
48001
38332
31665
70163
48300
37143
40329
52335
66217
6547
10334
12892
37341
8435
4725
63057
6748
32854
41509
62118
96048
86857
40708
67840
44698
12435
8184
46973
97831
89505
10634
34953
42514
55570
69134
82766
50520
10481
79587
16216
18788
38635
82047
45925
2465
90391
1111
19366
86416
72521
2798
20730
18264
29685
64266
32086
50720
87176
50085
724
49337
16023
44084
51143
77128
18281
48130
57923
87967
10380
93697
97837
10903
96547
50120
19793
52348
46001
24484
61288
40494
58023
73641
74421
15798
86030
45219
50966
56106
50849
71657
21428
33618
92034
75234
36254
9527
72922
45640
13866
1455
59977
94792
95052
22128
59363
60556
45262
27700
51806
87246
64348
23677
78940
68086
9456
72772
26292
24219
28204
99215
80732
40882
54768
29935
53956
69899
41839
91233
84120
99022
47440
51492
13259
4559
2410
11096
6506
83266
2101
67653
24311
53777
33322
41107
47261
7571
80665
28011
28701
92306
68064
44138
76691
33014
53564
44445
47405
89484
51164
96204
17025
86302
98010
54981
91511
83527
17173
71015
73479
18878
31542
25360
1971
98646
72100
24895
21877
62398
924
98093
90587
72112
5015
56240
58897
66652
94574
81317
14018
49744
35588
19734
40212
97203
3170
54730
1569
28201
95299
59288
35300
33713
66035
32920
32924
32185
17271
95526
2961
47029
10587
10994
41538
27876
4950
42874
4063
94697
68282
93289
85429
46274
78193
69832
29469
73451
94792
8701
75927
77242
81412
24161
73100
67356
40914
8308
66747
52446
32400
11407
67185
22174
74904
93459
70561
86649
97695
63930
86537
77084
21902
18668
13523
10585
59853
10375
84100
78547
4562
4157
64362
31515
68803
27921
85520
64009
1806
97574
29859
61487
45540
34962
19729
72626
277
388
92147
78372
10585
68924
53089
677
99141
21674
18797
84623
58147
25556
27560
48317
67023
33420
63148
70658
67292
80716
91243
40858
75422
44530
28476
35529
32678
27816
34941
37938
51078
86183
85390
9066
96439
17745
63175
16613
18570
31973
95842
38596
64863
34942
22641
70197
39031
75701
29741
32550
70466
91915
79916
62792
57990
40886
39854
26239
63424
85909
72882
44665
27732
64221
6519
25523
65904
46193
97890
73552
20127
80743
48473
91518
89787
50608
64568
43133
33756
94552
67801
51530
59279
57304
62401
93288
6944
6667
92302
26972
20262
34704
58448
84818
97154
96185
86005
42393
48657
68081
72526
93661
48269
87717
51898
49285
23232
84999
69344
81538
14742
83081
49705
15980
79575
98167
39153
13877
19467
75946
37209
3786
15639
63659
69838
30314
35595
93958
72897
55527
51360
42196
43311
34822
9884
69214
11687
56787
19962
88564
11384
18563
258
305
87931
42804
95376
52747
9635
57343
72221
33843
39103
42586
46518
15038
94813
15202
52319
75684
82878
7443
71789
32323
34595
73954
50519
59185
88279
60488
17369
56454
30535
36403
29652
11520
32301
10109
83005
35780
90269
17319
53623
40097
87584
29638
17365
67428
43089
23058
92561
49763
36072
14037
54005
39200
54670
21917
78550
11394
59211
94132
98736
18786
28757
53221
15731
50335
57824
46606
69738
5050
62662
6277
33182
10731
51726
18752
88464
42396
45771
77328
78135
40733
16033
70449
30749
70467
57704
83543
80683
58205
71659
64568
47776
1533
43633
96734
29805
83824
91634
33441
98497
79246
65742
61372
99530
77632
4381
56497
26408
67355
99947
906
36799
36340
58790
81906
6570
56467
39139
62573
66983
39872
97839
41720
24378
78137
51143
88572
68506
76516
48968
37147
55803
29208
14730
96380
98130
78067
71155
34378
35584
69157
239
89029
84073
30678
63110
31765
51196
19682
11276
14138
99514
15205
20962
22846
64605
89811
23638
25834
71689
88028
21225
40016
86661
49349
27179
38046
32820
85757
33420
56161
78017
82677
55701
64719
622
51662
45611
86727
88616
30216
15287
78675
96532
26567
50616
3321
20746
58724
3087
13227
36888
1477
76970
66636
82541
66476
21436
70649
15254
36311
42005
59134
23903
50861
62413
73317
71347
86786
39908
8375
47912
90859
9597
96542
69828
38615
40319
71052
30754
26802
56659
12455
70659
39388
57072
14233
12359
99167
22749
63110
87671
23131
30367
31092
85019
35749
1950
39751
34350
81945
73649
53831
72067
26673
7796
51091
50446
78535
25463
15712
180
57654
97569
83466
49125
33229
60340
38283
85755
21424
12435
78837
68489
77476
67356
39363
39883
6885
67532
91129
48832
15230
86544
49876
17790
71207
11432
33027
15816
27089
68690
33142
10700
19206
29839
82224
2772
93773
84206
62047
52910
56829
89179
32765
76488
5016
24905
48726
81068
73172
76430
45859
26214
36784
36893
68306
66348
22574
96723
32310
77799
29629
62904
15687
83590
34059
29187
14529
24763
36212
67289
14018
16196
87548
61542
1068
65995
73923
87063
92504
51458
14187
51832
2396
20094
33581
45260
77536
10940
82197
22814
58765
44267
38314
66166
24103
46063
55103
65013
71404
87574
70846
56987
34719
70023
36971
7264
73180
36425
9046
37695
16496
97567
33185
89711
12199
98804
73472
4061
56983
87900
40183
23923
48870
44267
97844
81920
2479
87711
69001
80743
43168
9166
15602
24069
47073
59475
60618
14463
17689
88066
58623
45010
88215
48957
58973
8850
66753
62772
36974
67376
7859
28843
54363
93511
97947
13991
12109
32755
29935
53751
82109
18414
93059
62640
90016
63530
90451
39197
84431
26407
18765
30067
43549
26051
96979
71329
85458
73441
36826
97178
64694
35240
97284
55249
1918
53132
33441
57802
1519
14139
59084
89130
16469
57963
30194
4008
76033
87110
19785
77339
56572
60574
34742
32364
19407
23066
71723
39289
17012
70542
16312
53788
71278
87790
12102
7923
97255
76577
3683
14550
17306
6858
87577
22705
38405
18185
3538
79346
33368
70023
39625
71814
72721
68936
76081
84786
61114
61941
55578
22138
33394
5438
51062
73087
78524
88677
11017
30250
77500
54526
76245
74213
53329
68278
11938
24693
35380
1267
25207
4310
27574
24495
93697
86363
60985
70766
41318
53064
85001
78301
23987
41271
71977
33436
61956
38274
67736
14239
59845
61798
18766
25463
62474
22953
84516
44802
49030
82413
1355
86658
1804
65234
15587
62328
63518
9371
9484
6718
97860
34101
29049
11318
82669
82931
17272
88746
61719
47562
86478
13371
62116
69361
68883
67177
41357
78616
96235
96871
48528
72815
42774
83098
32375
76800
72459
19682
30852
57294
16550
9016
79064
40211
91641
51072
40320
39883
94989
30301
48317
8139
19681
42106
24327
70023
61044
3584
33189
55868
50912
70242
48192
74349
3815
93096
58778
73546
9953
94239
32364
72796
64922
41526
71766
40772
53215
49871
76458
7387
55618
7473
23025
1995
52274
78723
13085
9165
41843
10726
65968
95390
9141
313
37799
50641
2465
43743
19079
50520
52348
74326
43657
24778
50772
86851
98411
72782
27580
16374
41839
77924
10156
92774
79043
57657
90841
92963
53208
93492
7923
17256
716
94111
18853
73372
77168
14443
19390
191
40854
11033
36307
98370
88009
32669
10391
31196
65440
22069
69407
43151
86959
19458
75432
17130
25644
91734
17866
99050
72637
52852
39734
91408
62734
90777
96474
20103
49794
981
95390
20452
60455
77856
66896
82096
82387
88614
25667
22412
59912
46675
24862
3652
91048
36387
4008
3947
67424
33059
68463
29727
87545
32367
62215
77704
17766
89439
81671
22691
19904
14403
83545
35585
12435
79686
60487
17953
13309
37476
77872
66634
26355
79243
68674
97956
34968
63870
92360
47523
126
18303
78339
51656
75220
44906
74240
23255
22732
91909
39653
41893
72105
47139
60324
63313
45994
51372
74727
93051
50432
28483
25112
91229
48018
52995
24578
1167
74604
24879
58238
54996
87770
5446
94659
40320
67564
50978
64253
84918
20048
16036
2701
57623
7465
76926
67988
91514
96029
49369
88157
70627
33340
2066
51152
67283
78396
34647
25985
70875
54194
54063
15900
84999
58310
91511
1274
84367
77662
17235
41787
82679
89319
21756
64463
76387
69461
12583
86544
40805
80035
53469
79821
46047
94283
91629
26028
59541
23366
42927
40856
30015
86836
27241
38866
63867
61788
16964
31122
71574
42160
75898
16655
45114
51186
78123
84533
29912
54582
34117
1303
40770
54422
80554
87547
36439
85475
9014
42126
57931
70638
25193
34304
95855
95814
54759
59445
72920
11855
94530
67830
76203
89146
49218
98555
20013
50764
58684
51618
4687
16321
18995
76641
86170
63322
44479
55068
26235
88435
1107
47308
96767
63063
51882
72369
32145
71496
74252
6174
13321
99159
52529
35050
41918
12274
20991
59971
33797
91292
80373
59659
35271
83290
8335
5615
18999
85326
75721
94124
67358
52558
64175
41583
55776
33158
94358
98465
90621
46291
61175
69805
87498
69238
66122
85849
62592
57775
29629
9452
43905
64263
87072
51908
69938
81161
82935
23185
29896
57653
2579
50216
79586
31663
22435
32811
45626
97519
2719
23392
81425
77168
20571
69145
38958
37513
53772
31247
53916
20103
52710
15756
65161
85153
16407
35867
68032
12982
79211
33176
58339
10363
36346
43607
48412
85429
88393
35447
73133
26399
31402
50318
12732
74401
9449
99879
60386
99700
45475
41701
75141
20875
53156
66260
15850
44623
31956
68725
28883
49385
15635
3162
82590
14996
12425
97145
98827
34487
84888
39125
33123
44093
27702
27107
15390
71463
15017
46558
89973
30078
86665
60480
4145
27280
10583
34403
18
94006
906
63110
40875
91664
41548
53684
98808
27986
95239
94374
76187
72107
79615
88280
85463
67309
34280
45869
56469
35190
94370
96680
36194
14575
74828
14003
88215
81516
58633
25951
24520
71526
85141
70094
62015
47185
27467
22224
50476
26407
4029
19822
66168
68268
74451
76884
34839
36666
25409
55003
80931
92756
43123
97835
90876
79869
35152
53338
80809
2262
62662
56755
14897
47151
79677
17663
48160
83678
70457
42290
53490
36427
24531
88170
10337
75140
74043
84136
19805
30482
85166
66911
58449
69522
42881
80454
47468
7333
33420
13588
91307
2206
62645
37513
83171
35258
77496
54959
41440
6467
7358
21562
71799
78212
82450
6143
41686
73395
48902
23739
70217
56708
99925
90061
35179
47512
93090
66652
85600
54945
80247
85742
53273
30838
68411
2257
6079
83215
39228
79129
23913
44665
98176
82401
27119
46233
23330
79352
61352
22308
50065
20347
84147
26886
96072
51076
34487
74937
53134
81730
85574
47966
68822
68430
68934
75245
44470
96366
47950
22456
94895
50826
47428
73953
91031
60901
54655
45967
89273
51916
18177
89006
6615
93684
47741
92769
9721
17809
54393
99148
50351
36788
96196
83615
33581
57708
17645
54801
63495
13148
51584
37777
66392
73422
96421
84959
7210
31373
1667
70590
62592
94384
46593
62094
87708
34031
28750
30960
79645
53547
80073
89413
37424
51431
4866
99329
78408
44382
80744
31625
95589
20341
3538
79649
95470
44137
63336
27145
88409
91858
41154
56154
91048
80933
10053
94952
10620
64194
90396
82118
19698
90991
43549
92799
82721
92103
18725
7578
70246
19486
59119
33003
15041
53993
17616
22872
87123
40246
64845
86712
42969
35346
56666
30338
52672
29162
66388
74256
83347
25512
54151
55003
7452
92922
84796
12602
22251
79212
40768
53684
93888
68146
41231
55759
8521
94028
43448
90452
69155
47808
90730
24040
27574
50957
27493
50999
23069
88018
87323
19084
79945
31732
99916
21969
93666
77494
48054
95775
57965
63590
6234
19362
36188
52479
15892
48003
75596
59476
85203
18697
86496
34330
52335
39229
78856
48544
22881
16560
17688
80718
53564
61910
23121
54099
12037
59886
56280
93283
99739
17988
9829
7578
33823
65388
74948
72665
31162
50070
91200
63981
3730
15338
23889
6344
15598
57437
94695
95504
20117
4885
23889
80707
5236
11721
22538
67868
11011
56242
86938
23718
28488
81194
26083
64170
99571
45567
30491
41327
66717
81805
5681
52335
56628
8068
57265
85494
23131
51962
73179
29143
33923
41103
95584
49898
82569
29971
70169
27927
77798
81180
69967
29294
65219
7444
90419
57216
82569
37513
71095
55453
27503
53567
11111
58633
50876
23348
23207
21308
6664
7661
46320
74885
34113
55169
43139
88244
73392
52723
71799
622
67653
72958
10208
41677
27546
58365
87064
12043
81308
67331
56407
13951
5605
34627
52692
28718
73255
10070
69313
41469
86575
12102
78399
87556
23644
46117
72428
84261
46518
39716
93487
74089
96910
45028
62964
96590
22829
732
44246
99725
89422
45947
92477
29856
95650
81896
74283
59382
19698
85175
37693
74045
20207
87718
5448
17799
6525
44085
29187
77027
77934
97808
99106
44071
90930
53132
24181
5082
71886
38059
34464
70502
39653
34225
5811
78250
89741
58577
73422
75234
79390
49653
40435
35054
80457
17025
53395
59057
17386
81918
23017
62380
39365
43745
13943
55837
72130
86191
70798
10961
29167
2457
2248
8473
91838
15282
57909
16944
48613
83266
67894
63539
52653
81197
29621
72176
79927
90641
37556
33746
27130
56043
85150
50004
20504
14659
86654
80850
97604
36391
35384
13676
63234
5282
67480
68181
89954
99423
79556
98206
5545
90712
16324
56365
91323
52464
40286
47621
94937
67995
31973
9284
64799
10259
48108
55193
40434
36886
70886
56557
42071
87176
25748
60320
31361
25548
25499
97750
30596
96809
21491
77065
90398
24311
19486
65435
23241
8451
2137
66158
32860
59899
47106
83809
72148
48188
92465
35132
76194
48549
70457
29153
84969
63887
2995
80379
82568
55928
76003
36788
48028
79634
21646
18645
87695
58629
11357
56188
53303
63107
56708
55621
58660
32674
90541
1616
95645
52802
84686
43182
33176
55917
31622
12235
7099
49860
48000
50313
70817
37413
71240
74924
38109
21573
77612
29927
11957
7753
63791
28616
88669
61975
47564
80462
42616
27695
95443
22360
58135
67870
7640
81236
39474
68624
69951
93434
87226
1279
59316
54280
44500
15795
47741
61703
13924
69435
80070
37674
62644
68198
4907
88009
44719
84992
76902
28306
13846
54831
23
63378
13267
15740
27816
65177
14575
72721
7591
2360
89355
9470
59373
3543
55659
67659
81629
72352
52198
51680
41787
59528
47278
39424
4504
10768
9776
82401
93248
74274
31401
7738
74200
79000
31036
37413
84993
49178
79565
62109
21359
31559
55174
70022
75576
77467
68910
14498
47764
9836
31232
23931
56833
41462
45099
64665
91910
7743
22753
93200
18627
10051
39564
28558
62600
80741
56839
48825
50753
97708
83347
2296
90408
94137
79346
29646
8783
13725
43676
38566
67400
56091
72354
93787
26703
38321
67003
14420
14723
47608
1130
27576
70424
10327
66028
4063
98167
40090
79307
26869
99758
43873
83774
88975
35931
71511
45504
35185
54217
40276
68848
28699
93045
79903
64962
38275
61878
73787
70424
8435
422
97603
66329
18674
64149
48241
3584
9451
82136
57628
45998
14385
25160
6943
391
34351
51594
92674
21544
16423
93946
41839
95432
91543
54996
31361
86566
9529
18606
42533
54444
14643
23531
61660
33964
61492
70659
60970
77616
7241
42335
19032
23899
82712
31715
87719
80370
41397
91302
90660
42106
57303
35519
13772
40499
16033
11352
49369
20601
33002
51986
89146
77168
89893
37197
62161
45809
36793
12512
74326
21941
81098
50704
44967
5388
72569
55182
53824
39090
14246
99175
35239
16972
94247
72665
98179
59717
93850
37865
60748
41440
42215
33858
35164
4474
37866
89825
98219
92515
54245
86302
60913
65706
27486
98765
95779
27661
12745
48261
14152
33607
21209
66999
18141
19769
29641
78856
45988
75699
32544
56484
4697
33791
55024
36533
24120
7957
74349
47454
10148
73830
69604
71175
69747
23547
97325
67708
29554
3423
92075
3947
6603
64463
60917
9121
77591
27928
77261
63568
13732
81745
33605
3770
49329
52049
39718
91406
36620
77146
94610
38132
14084
57408
47454
54531
76670
76985
46733
23521
26186
58738
80469
23433
23203
97382
355
66318
26250
42320
2559
67912
32959
91336
12738
31805
76432
91806
12102
39505
58975
31548
32310
45676
86575
2428
49538
37081
10045
95831
85773
26745
51372
17677
88215
64952
36146
86762
74598
11951
69193
7113
40231
68007
23469
21852
33749
14377
44587
51308
66085
66434
64060
22360
10327
32655
56093
91871
65842
62571
48430
14763
68498
9589
18674
4338
78483
71556
7853
912
14138
90744
43266
17788
70886
7151
88438
56204
71902
90379
44276
82796
69229
86537
72787
42994
45270
86877
75826
57025
57180
88309
92247
7263
21537
87792
24175
90913
56066
53551
68306
91931
97337
39810
28984
9211
77065
23032
83654
67942
14288
27453
34368
3498
62315
78595
28231
8828
51516
74919
88185
7571
23207
77763
80880
22905
33903
31175
29898
51995
21330
15184
5020
48412
91575
40447
78957
39723
92472
93275
42045
62118
22585
95469
69528
42037
1454
16048
32584
63149
6744
28816
61317
89313
73538
80448
75280
16536
36997
10156
46193
21647
29380
79460
52619
97440
68386
51344
54797
61299
73340
30314
75552
86769
54166
26458
61878
75802
34244
24348
80933
55240
83003
68077
41388
63799
76355
83654
67167
19442
22776
12020
87590
51029
44205
56801
44724
76210
7243
78722
31322
51898
1002
44176
62720
85649
39484
72369
45623
93125
1942
10458
32162
43900
28289
19759
40945
80778
82717
45593
59135
23975
42215
70110
61036
67982
61939
70265
20763
79569
32162
97958
62396
56946
91849
83266
26240
98940
570
28314
21306
15763
75735
61922
9551
26103
52378
52933
15900
86935
99952
4310
10402
88332
67457
59084
44104
47333
78837
73060
39030
75640
85488
77261
16973
38976
480
77134
6610
84543
24153
50772
99022
23276
24729
28138
34346
57646
68998
75332
77454
16089
4981
16025
53729
64428
65717
29492
69928
72841
65596
53556
81902
17019
3029
53253
67425
35847
68078
82569
6654
41319
9057
54640
45352
18902
40022
54759
52863
53614
54041
51196
61468
542
49879
27927
25473
79575
22536
13536
8817
76180
63236
48968
44445
28276
15354
99380
38708
71189
31853
74957
49348
96937
59211
66789
40413
4212
80760
80035
86264
28099
68562
78616
21562
70068
73414
36068
28898
58697
52558
58814
67351
10246
34010
49534
77655
93259
74685
7672
44627
57219
1362
20848
29273
45869
77938
5030
25595
65997
43480
78556
73877
46606
19054
84597
70642
61352
63005
42106
59862
41997
71675
94763
21170
97365
46724
63838
11412
37438
49122
91330
86372
15249
68386
50413
18442
88013
72137
20927
8064
20590
29022
60090
72874
52619
30736
38778
57124
15389
64991
77034
58772
15185
62376
59736
85290
2578
46449
11381
4504
48018
72256
65110
48616
704
12142
33419
48492
65672
98678
8828
45953
56250
65431
47759
72521
23923
80335
24436
23106
14819
18700
63000
46669
53831
64458
45312
27381
14350
4447
98804
48002
39103
39542
15656
10523
76700
23088
81367
56613
1611
40263
59684
49902
26186
93557
79388
90077
14432
66420
75650
50200
10327
56460
61963
30713
15347
26494
80132
98690
78822
41777
58782
95364
85010
48475
53785
57072
32163
94429
52861
5960
58860
10230
27257
6667
55249
18689
76275
31495
48664
54742
35585
75317
30182
16316
42609
68361
3476
11700
97790
22459
98922
94015
63570
26527
67995
47479
26744
87444
14444
50766
38945
44293
87509
50534
92834
91431
20822
7891
5534
17100
14914
98377
43158
67967
9673
64967
94812
79144
93340
90179
77940
34943
76361
3971
94904
63054
20280
89482
97608
95856
68044
47129
93032
94313
75341
66521
36052
54430
8667
66260
96126
74917
279
73142
34542
44372
99423
14742
85007
6688
74754
54426
74686
25895
57957
34282
68698
58519
4303
66147
2296
92833
36377
3695
40885
21680
56154
52623
43358
38690
5995
65482
2336
33488
85747
56787
51670
26474
65490
22622
52852
39821
85394
74451
24167
83594
11675
68160
11151
69236
36175
95627
82676
7195
59536
32907
66654
8300
75267
33033
29342
97374
69123
12383
48157
80975
95443
35228
33413
80987
38458
52311
35585
69384
29463
93205
7324
27045
28444
66147
92022
36442
23274
27542
4423
4282
63875
20962
69989
38283
34913
11854
25746
78479
90459
56402
14974
93356
91260
31559
47295
84100
97975
88385
46292
97647
35715
7957
47391
6506
52674
22402
4497
24066
36676
64306
87989
81480
49297
23959
66578
40058
18451
56183
439
20043
78537
43142
2249
33187
4120
5754
17521
29224
89320
88676
97558
63390
56988
14018
85972
61751
78772
44866
16419
61536
69344
53620
84440
19384
77173
82877
67930
54426
15743
25263
39585
43337
5108
34759
778
78765
97731
4120
65703
21633
72315
597
6734
59084
57256
81153
44715
54801
82230
81969
55285
93775
82580
82574
27110
20127
47939
28695
74160
91261
51621
46371
85490
31878
50893
82719
40560
336
28002
28808
85936
52995
31241
6640
63171
67289
3247
67767
73307
91985
71651
84549
1241
14194
13103
90617
52721
94320
74215
59254
98621
19249
67374
54570
87529
28676
16319
68341
12880
15208
29679
50609
98984
69725
60020
3236
22673
51146
50574
23638
43110
58221
70244
32168
95020
17292
65914
16663
82686
88135
89060
43018
81753
27061
14583
44372
52479
15569
58321
62918
21204
49869
8712
2562
11761
79145
87468
23587
35685
3276
96026
93002
75654
72395
45333
68351
30194
97925
