98240
73032
98141
79176
21966
30444
12232
88016
59434
83806
24186
20062
67336
24854
44741
39257
94926
93340
38361
2018
64012
59220
32860
10385
41255
72937
26782
21325
67450
74551
23265
99874
80349
96542
54210
45404
26234
25104
57050
47820
14701
93302
64811
76938
64516
93917
37647
44108
49000
53714
17305
51481
9036
3751
83608
9224
54451
85104
18954
41120
79581
11301
77047
33248
32034
12189
72081
10931
56211
9320
31511
58640
77079
64717
54523
59201
12722
86447
99329
88043
14570
92647
32747
28803
77113
96081
20531
5847
87028
60276
3595
72094
88800
15325
7826
16425
12903
52203
39850
36186
78379
37524
99609
11596
94708
73983
96846
7691
42946
91508
58206
54746
26827
82794
77405
26136
39526
86799
60244
64831
82653
26336
82086
3266
17093
60126
3899
13435
93157
54023
64209
30845
73990
72943
96501
79646
37295
35684
59199
93502
64048
87896
2603
42376
96044
4811
71250
89321
37219
31237
40218
9265
17573
44100
55606
45460
8757
92526
92965
11020
62256
23893
98300
33146
4172
66087
42527
82405
89541
30816
51796
66362
32847
59027
15035
43594
12612
74692
80491
63090
98270
80293
4869
5608
6300
10337
27332
77374
89528
10051
50194
43597
26845
75336
77322
50771
35641
23440
10229
76342
47202
79315
37700
24226
40920
10018
33871
67849
35236
90066
37418
27557
48561
79346
78565
43102
17509
57590
40152
48073
49552
27102
24803
24547
13447
76502
66374
47119
10759
10079
6486
63115
95468
5085
82390
57167
22294
44308
11775
65627
94816
37845
96875
5700
16776
43676
48691
51155
5623
51192
92227
48752
28961
92814
35533
70744
3952
49538
34580
16801
39909
64920
99086
94965
36361
75021
38684
15068
3752
37071
27452
98070
46903
38448
99386
85903
94009
68191
83035
6979
82438
81914
92170
6974
25470
2681
31061
52050
846
82039
75710
49532
15582
75372
99740
34930
56676
35524
49171
16342
64664
17550
48200
30825
16
29747
22327
79970
92637
60220
37692
26611
21448
27174
41945
95709
53768
54746
34276
4080
39413
77980
55000
20697
56500
83169
42387
5543
79194
72260
5547
94958
25379
8636
82170
6299
95610
25374
96139
13049
47896
22416
12633
66594
36503
69559
6322
71905
88295
96397
78826
72927
26847
57871
69944
79707
87819
65627
72681
32334
53601
66786
1788
83585
58640
47520
27606
73090
98570
1678
33590
47797
50559
23498
5119
37347
3708
1263
95197
9340
87853
21857
72226
12456
72468
40826
43927
48866
54958
32503
41684
97952
77864
89184
86761
59789
8957
21908
80289
73068
13182
21635
70958
87668
58386
19138
54424
62834
38218
54670
25118
17410
51336
35651
56622
15035
86879
66436
77341
88067
18997
90731
66008
11642
34514
11555
19144
39276
27999
3992
68826
82150
72203
32837
31057
45547
18226
13103
54326
19775
83436
94918
56500
28585
77135
87547
99789
77302
78311
20145
64434
23571
64830
91489
9784
43594
65066
58830
62897
30473
27286
39446
82263
11057
55553
58563
10905
90888
15548
74030
3759
70597
95376
39260
44460
82101
60364
48605
91270
9115
3957
54407
67701
19857
57178
20354
95601
76129
77121
51085
64269
27783
23736
47811
45156
56958
85272
59217
48057
72311
6426
12168
72685
16215
29932
13742
14710
46836
7663
84845
25617
27389
25648
53158
66110
5380
42276
78643
3467
72444
15640
36585
82993
46212
2248
30041
61480
54834
71774
10938
96919
3386
32626
95390
92472
27207
66070
71956
69778
36097
22294
33126
54556
11946
26292
6505
91196
46351
40503
61442
33351
29235
91355
66053
24232
61480
91580
6347
38678
38521
63192
66448
39215
36141
28531
6243
25358
69519
26694
49554
23359
32737
61206
32967
3433
9498
24086
93993
79975
80315
44666
69522
99629
6642
32034
62512
79970
5483
48636
68039
79487
52461
22447
49839
32673
26321
99303
90211
88772
83404
59383
41436
88357
16606
13469
38257
55152
6417
50564
30431
45195
43272
90183
90849
35574
79976
9938
46855
89629
40089
23497
22470
5819
6253
9187
63076
45480
63306
44065
93892
99714
28348
47542
76431
82628
57404
38927
28920
91959
75893
4533
80465
51809
66299
42204
38742
60276
95525
35294
57959
52295
18905
53659
7136
33454
17569
30699
85945
30088
84460
9412
8517
27523
33011
26685
60303
27993
43278
6204
75730
71212
58431
57171
98702
79782
86692
78932
30275
99974
13911
39615
37160
75263
39536
80399
2886
47778
7436
58046
78246
72246
63219
61382
33662
2192
72563
96052
18082
53285
72589
28181
97207
29373
50825
49799
492
21458
33921
183
94966
39084
14522
90451
17565
70415
97376
58109
85990
22091
543
17802
63954
8172
48797
75855
62387
98519
88410
26451
83674
30415
45997
16397
63309
41379
63728
14977
3138
59915
1246
81763
89697
71621
3352
39140
74183
65450
26216
44242
5452
52496
56338
72841
24686
55271
15646
40554
92051
22494
44432
67268
94731
66092
17823
83880
71571
82946
77806
89652
63359
98311
95827
7680
5178
95200
6935
75055
99767
74045
89275
62943
8
83392
98825
41709
72491
2538
45145
9928
15534
2072
91698
35219
30612
76086
16417
27280
31250
84321
53847
8820
44675
26771
93755
97277
36862
7637
51461
5832
40742
3921
35780
56658
85012
33000
20528
19295
59981
5067
79645
67767
76014
1910
40099
73599
91275
71165
12844
31008
47975
48293
21154
98070
56639
7617
42209
59789
20189
84739
57003
58601
41926
67741
1292
22222
48293
88985
33698
51701
28176
31783
33635
84617
59355
12390
42365
98276
55113
56994
86108
98725
75920
15563
73319
58158
14640
92776
89239
29663
79611
61978
96759
45437
39749
1867
53277
67817
92684
60838
8559
17843
90009
7374
50549
29392
651
76848
86625
55716
30204
49598
44301
48270
8031
15436
74097
89786
15551
59685
90978
12974
13233
15038
6312
83064
29747
7157
53078
94904
3018
89963
56873
84680
18621
34552
12133
36219
53483
26403
51340
45099
79447
97397
39011
48166
97231
49214
11692
33405
2689
37170
82675
32108
47467
39805
26445
95463
1291
89617
47934
49072
37953
8038
27393
8096
80340
9772
92096
9275
42662
69486
70804
22811
26077
54183
1788
68665
79081
93324
42853
27137
96759
62104
31256
24858
20506
83154
83368
18030
73088
47309
23827
86682
70259
2562
60920
44658
89133
9444
183
96292
2413
95237
43272
91721
75866
11350
7254
76803
98760
74112
57817
87517
79769
25752
49768
11141
86696
39987
90197
35696
15508
405
82646
51995
68104
12316
8104
81741
46986
96496
63436
56447
47461
29373
28482
1709
31090
11971
14217
11874
93732
26476
84430
71207
33554
51698
59962
30661
53763
30960
16375
39183
63350
16591
90268
43165
68132
36864
32497
56665
11713
71418
33907
90796
82296
68070
89239
83900
12769
55322
59086
79469
37540
31046
91638
74092
5654
31514
78615
82717
53805
74312
70988
824
67744
37582
18480
6892
40799
54852
53195
32525
64045
36662
37042
30336
86125
67346
2746
76195
77047
66767
26046
96449
54332
8375
25584
90258
98006
15960
61513
59521
39615
81078
56757
43998
51605
11629
69266
60428
87961
69166
17450
25260
47782
57485
4901
65449
69611
79686
33978
27627
63327
35101
41848
65312
7395
61601
12125
35454
56658
81543
78667
19903
20378
52772
5667
21954
85485
79346
32033
60314
44795
92973
99601
89943
42655
43310
93519
97757
72148
26282
86330
56011
35139
10124
32537
98267
71590
89167
96644
89592
618
52984
99044
16199
16260
64266
96226
86542
2823
9191
65455
17750
4162
21234
11417
97847
38260
9681
15541
47996
60449
70689
30526
65621
45089
8820
70446
41753
98239
69621
31119
99900
76991
59032
73201
90955
60314
68547
57658
62967
87649
11555
72516
54557
67578
40162
41221
72685
87961
95976
84835
22600
44469
87991
36891
82795
57866
89821
76497
32761
79186
55215
7120
58935
51179
37293
62032
29045
27101
23502
50381
33630
54976
87475
63873
39587
68132
94802
18366
78436
42691
7136
56677
57817
61634
15209
81123
72473
5090
27278
60194
19638
57277
35547
15777
19739
65203
29641
55601
21445
37479
2013
33098
20600
19784
86123
46589
5490
62474
9293
41934
64861
98277
73341
88251
82852
9036
86378
74980
86390
92842
226
82567
9463
82097
12750
65549
89580
84695
5662
39357
57472
59696
3638
18469
58808
43056
11457
20249
79842
87275
95525
9497
74260
12997
2857
62272
9388
53749
59343
22791
29089
90107
49033
5401
283
96112
91660
87563
20387
16906
25665
28580
2225
6838
7209
50703
72937
71912
81311
62336
23289
58171
81852
84307
80910
58906
6383
49739
24758
32213
69851
10075
40662
20539
49123
76415
90653
86236
62721
90176
92792
46191
94962
74289
4252
13724
27287
73863
20407
26736
67495
91304
18572
54914
68488
42282
60331
70764
96493
27253
30203
31691
98301
81308
99543
28646
97781
9423
28734
2146
60930
30181
81236
84638
54431
74056
59817
63952
48396
50898
29902
6569
57236
27659
20191
80482
25405
70315
68709
43583
19279
863
86578
12503
50830
93972
79974
38005
10054
14375
98145
10598
83481
12671
45100
89168
50427
46206
75854
51123
44972
13312
2249
97347
60381
76719
95737
72043
26329
23832
45824
74321
7389
62163
41952
15444
88186
51968
48309
44477
30845
34482
34833
78834
76172
93521
8259
42005
62399
58959
39909
89781
19364
7110
1637
86982
97797
12031
30164
62074
82104
67973
56736
5851
36636
67527
97759
61682
71077
76582
54715
33414
94193
85686
34353
44202
3212
78225
2666
17458
87268
54013
35618
83859
61819
24232
20043
19523
88062
26723
42589
90871
55302
69431
83662
92720
60053
90464
24045
69701
60838
48449
90501
93217
31158
33183
91768
21148
999
67711
36642
75476
31511
50404
50292
68385
91580
20900
65714
39884
51923
37576
39854
83215
27048
11818
69489
68480
56587
53185
13356
53998
65597
31996
82113
84025
12750
1117
13283
34482
36350
27134
82993
27949
62439
60104
79980
96792
95578
13262
9957
37869
86146
6982
54738
8259
96836
62448
36833
63890
38378
7623
58296
30833
50993
79180
83896
42066
32374
36214
82135
92628
36811
55889
45237
30501
38879
4460
77069
20609
77129
51155
42211
70411
44631
88118
71831
45960
77623
39063
70113
73061
53915
70632
65736
31090
19493
81883
62068
69669
26747
83122
17680
81196
94541
90987
91761
75885
39526
70804
20488
85191
28796
27199
44223
69030
71502
75659
2278
38461
89601
49108
28707
23606
88869
53325
81007
60805
39635
31089
88486
20848
95571
17618
56000
72026
3277
49199
60168
13755
45272
39425
71299
15350
1853
49461
88778
66594
54202
93812
25568
85311
62812
90922
72264
66483
33914
96686
58759
56733
25030
65602
9739
89302
18803
81131
88806
65693
63337
52190
44413
41606
71171
74312
64404
59587
94289
73582
22049
29214
99253
30473
13255
73885
90507
32119
86342
3941
27949
56892
20541
31658
45208
77751
64568
95377
741
26336
60394
94529
96052
49768
38719
77262
46485
88429
88608
53941
44171
53578
30716
44285
40831
29954
87251
98253
63818
26203
19235
9614
27678
87450
96100
4687
11974
99387
36486
42303
12412
84739
81789
28612
57478
24620
81236
73962
83674
42159
42121
46711
50071
26483
13017
3708
92543
20401
22744
35220
83638
16519
73567
44752
47700
66327
60718
95866
6430
86718
58565
61536
19312
26694
42477
62404
4712
36642
35518
80029
93141
60865
2244
59027
78724
84449
42025
83462
37516
55114
39199
54069
85083
64015
63556
64306
75519
94916
92377
17672
97299
90078
52425
41514
61905
20478
48444
48967
85173
10175
20936
27164
81821
29590
14388
99947
29701
72511
29435
52953
18823
86993
40618
3639
93539
40785
48822
96278
38260
76371
95041
12907
82065
24252
27608
82401
76178
57443
3056
92321
38141
53256
83027
98341
22953
3327
23084
8079
7827
74253
46360
96527
29337
10026
90799
96147
87182
29642
93280
1292
97836
1498
95293
78773
72316
10278
37991
46097
60210
39467
91139
59347
84659
31469
35047
57896
65489
89314
35364
85366
19326
87491
29891
79068
185
13812
6552
71403
26121
92390
24066
88724
99368
53179
48300
43367
92346
32293
22459
66566
23162
77543
67929
70112
33670
83206
68090
12307
12140
72151
6505
57654
46110
31572
96001
55586
6133
38462
15209
21103
76475
1511
48285
43255
53661
3558
56211
82794
34042
77654
5340
81153
43125
36275
7521
61406
91755
76119
1680
65176
18000
95332
2926
78189
82301
738
18920
7879
60823
66552
97961
93412
85468
7629
89398
28405
50157
49243
36103
57562
3911
5818
68265
80492
78335
83682
79351
12501
155
14100
81809
1916
26875
66483
53716
88400
15508
42657
43637
27299
66335
20666
74789
795
86690
3198
76061
56277
90206
41521
53556
87993
59981
1245
81129
57633
62267
77996
10280
69442
59549
97048
86910
74321
30756
9897
84588
77621
3815
8553
68435
33676
24588
33816
82316
33593
31990
56338
83743
12406
28561
66757
47634
94193
88237
42875
94975
22209
11289
63704
34755
56185
50734
18169
12625
52416
60843
59325
57630
37495
76867
86214
45684
84777
12769
4716
28726
44398
93481
796
79314
37163
64048
29251
29992
87070
65898
50462
66906
64195
84176
97729
66651
64212
67153
86542
86486
54185
12838
60127
3127
91961
8770
12442
3718
65798
91390
31833
19425
62400
97975
38091
99473
56084
90242
41122
69419
74183
79602
33086
88210
96258
15304
73138
23515
71986
33503
78626
21905
35897
30250
4111
77478
2416
85992
53947
29793
54421
18273
12662
61278
82963
3916
6180
69687
42728
16452
43552
23807
15582
13301
20256
39209
81153
24650
13118
83575
91089
65508
91453
15203
58510
58792
99192
40412
38169
99922
15277
52253
98240
43227
24276
85793
30699
33539
12860
93324
48626
28922
25328
5409
65677
71299
6900
74470
87050
67261
17180
40743
60783
91731
99763
1229
22029
97557
98642
69489
82847
22427
66834
66719
60165
26216
85001
66382
37470
29476
29590
22665
55551
35875
66436
47349
20572
30013
75461
84174
48585
3444
99818
37892
38498
55222
50026
76289
52305
76651
13594
70108
98284
32018
19383
96929
45682
48568
43978
91747
68356
83159
77320
80384
25892
12700
11557
89751
46091
59404
33801
65305
98202
36742
17799
89751
60155
62399
98474
19325
27618
14202
19476
33884
81340
9237
33768
44200
47311
57443
3841
46360
36961
12263
56494
51092
36835
12767
48984
17096
30181
53483
65555
67928
80362
27776
69853
17443
76121
69366
13422
89781
75097
24130
59434
97777
70429
727
50012
16065
97185
29841
11358
90631
32226
84043
69376
70720
81601
37934
14688
81172
83378
15774
17262
45779
18265
95674
32613
3527
8116
76080
4312
69165
61595
14678
5019
33810
11506
52498
25540
58404
33777
98855
66345
24823
73624
68575
36390
25611
84475
46097
51698
11824
81782
1260
90739
14793
18625
62048
44687
836
7124
45012
78639
98337
49947
32690
83071
70044
5052
28749
97315
74350
72930
21399
33874
83903
29794
89215
6749
74739
42728
50350
55936
359
61313
49947
39094
30343
6425
47782
71233
6815
61903
53826
21926
23201
48390
42954
84750
89184
35039
95316
93301
29295
97465
24491
55606
49153
78841
64843
47601
57733
43223
54379
3217
77570
85102
85199
99224
97815
14502
27013
63556
94259
59007
29116
18827
73059
67613
46782
37984
80112
69109
14240
38502
33543
1015
63262
78676
95139
74329
68595
82306
30708
88043
54291
99551
74015
33548
98240
93227
71586
46496
42653
23887
48494
75486
76929
98048
82422
63194
82390
84461
14955
34436
10889
22247
72489
18476
93688
41118
77302
45667
70272
60041
87361
4394
77761
48051
49315
88488
20922
47608
79003
20998
3729
85468
22931
47002
86903
89821
18934
96383
17271
83651
84456
24980
30794
64049
99802
81123
59297
50225
26666
57643
84685
46794
74329
53301
29947
76833
95285
9095
26377
83808
91852
55310
45144
8208
92380
28338
30658
88560
43322
48628
89354
35328
80959
99556
5821
86236
41576
84208
43461
45212
62841
98827
62186
90563
66413
11052
97277
50131
91668
11330
73474
92483
3663
22565
58930
50348
927
66648
26690
99762
35923
11128
73092
78931
87993
54932
30882
17924
8582
21202
95643
1776
93468
87189
70744
45216
68467
44336
24691
5596
16872
42211
6730
8238
43520
70048
68692
31525
12991
50279
23927
9682
10211
39124
96693
12493
15952
84615
67520
9583
13119
59908
7600
25271
84113
84564
71923
95610
44137
78001
94849
32725
59756
71350
82781
74776
72937
13244
46782
24129
35519
43092
45452
7678
486
63022
7803
46591
32046
37372
36934
44534
52486
31147
22389
29803
60401
30530
44297
55889
59075
77299
2908
75483
5507
66255
13342
33239
83688
29878
76203
70119
70564
84901
23550
79863
13726
217
89601
2416
23766
8064
84064
39129
19033
81074
12010
45639
6982
64440
53097
20501
87556
74015
77761
17987
21027
86459
35848
82306
88966
19011
26696
46981
84165
26694
16731
71777
23265
72883
28700
18690
34557
83945
54138
22550
39839
41985
38145
58109
19953
56005
38031
2379
8620
96122
25920
99773
90808
21867
4282
7290
86738
93513
41294
86941
50094
26830
54006
44166
13979
64266
4971
2371
80320
66147
22685
12613
36412
85634
29778
24518
5158
14523
3082
88294
38816
68307
97856
48628
25698
62974
18034
41176
15362
96893
7260
18193
53436
11621
40997
77429
78285
98984
19027
56718
45336
49667
71386
11654
62946
31684
52003
76237
14038
59109
37754
37412
11078
38352
5845
62972
78378
95559
58652
12844
37709
98094
81355
6230
49920
44427
15481
27246
21101
19395
44459
30618
84569
78539
18680
86126
83323
83761
28582
54850
95475
28422
46614
78573
936
1928
83486
38376
39094
3210
87051
49476
21293
76737
67384
31243
9856
10079
16811
72937
8956
31401
98644
39074
83416
99231
58258
18803
13413
17197
75920
2890
80510
20637
49640
35215
15230
2043
32556
17994
92256
94971
21585
84032
32817
28723
21657
33738
23905
47498
83072
37185
54138
35383
12404
28286
11610
19541
62940
84336
7108
5052
71372
71748
40334
75946
59992
62194
65170
71386
26660
78081
31721
17777
86113
7645
44241
43764
7653
30809
64173
53929
23935
99720
18941
47895
7507
48227
54266
4387
97398
31798
28940
97709
79572
3347
13077
86154
24577
80946
84155
85010
55502
63332
10689
56479
46992
92494
71474
85763
31721
37335
7762
70163
29001
33986
44442
73032
59871
75866
51772
33874
44430
25214
86130
76150
79641
29540
93538
36437
85940
28963
83464
67452
72433
82598
42365
87896
64936
68680
8186
85756
65297
16856
82097
20177
54151
89786
37115
24719
79366
73025
37335
93121
72609
87429
76526
1854
95889
21008
45802
5408
86345
1265
40490
15379
59943
94244
40095
6223
83662
75645
57018
62180
90660
94698
90695
68377
55540
61056
99184
92251
21364
5879
31319
17351
11177
82401
28643
5673
82429
29376
81543
64242
68945
6727
68812
6191
64111
53310
5417
28324
3937
89632
26282
42817
51674
98860
98077
49799
49221
50648
64445
9925
73643
27028
18223
49826
35453
91554
75439
21881
67416
28157
60044
7167
88727
69214
91574
16770
45610
20570
95922
24694
76421
91082
98920
32041
9111
35100
12824
5145
84265
5076
55928
27280
82192
67620
3978
27111
83295
23636
37042
16405
93398
15281
91127
83916
66786
83912
54104
50674
71180
89891
55116
83339
98900
60120
69851
39199
57788
66416
61680
40034
32716
18217
42339
13726
26845
87773
10926
93389
33302
54325
93378
6859
54914
81252
83767
63106
93954
73743
60380
54125
53331
25509
31798
98284
56589
50696
95007
57637
88566
99776
12940
76252
26586
77798
89052
22676
39425
40258
96052
97747
85104
88213
44217
93956
80301
23480
5773
70305
52104
71075
31770
84542
63036
17509
31089
2602
19130
59297
21101
82013
51399
18229
15955
85546
79123
10734
183
65617
20085
75902
10078
69129
41858
34724
93204
32264
94521
55930
78396
86681
15940
5581
4239
60450
90903
83867
87682
71456
97080
75027
54129
44414
11782
49220
87136
35837
69741
6280
156
21127
62265
63584
14572
25316
33443
66417
28168
86046
30070
62948
5630
33813
57104
97778
44897
51123
32646
21646
24112
66140
21345
48582
47452
31330
95224
74888
25187
95726
53986
8599
38284
91196
97927
79667
46009
84400
89413
73165
81660
29012
99141
59493
2119
62486
3127
3132
37326
38215
71919
8116
6268
82101
82019
60468
34881
2497
35706
27119
32652
98640
49770
5419
88181
87649
98048
36831
71522
93480
46711
42586
70592
59576
71892
22545
53151
90735
27784
80182
48681
94346
95790
50298
67523
13380
71235
77164
93285
9342
61290
54379
79958
84290
79028
3323
55334
69489
10402
60668
74405
21764
44567
81470
29476
73634
77553
14745
56440
23607
9867
66080
89342
22996
12211
83511
99311
20637
58167
95373
5648
5511
33722
56205
35369
62828
5158
75540
88618
12668
87107
79074
57552
50462
55538
2449
89595
42339
73369
81809
96718
67037
18325
44087
58147
85173
34131
79028
30899
99182
33813
30845
1146
21343
52203
21853
89212
65414
69648
34233
49123
97953
89291
50185
81577
53624
56668
73213
82832
543
53661
60853
86663
79477
91319
66442
42406
25425
97770
62661
12682
8715
44441
75386
34626
43242
15052
92793
44262
78316
54851
49003
82401
23734
83274
71071
59197
37367
67352
47907
25915
4112
73346
85821
11975
92298
37048
38542
34835
34745
90160
57603
2986
11694
63035
79362
81369
4570
14988
17260
5461
48249
25798
9259
56716
70530
24179
49960
49749
76877
21098
6191
7213
22902
23846
35656
45571
36414
87687
45285
87663
52909
4940
72172
20402
87525
75121
28348
86824
85754
78357
44571
95267
65641
83065
39367
59830
79352
51481
84265
94613
50199
41835
5539
6756
67432
16594
708
66583
18356
58830
970
60559
75639
18189
98077
18760
68515
2251
1301
84653
21996
37266
16865
53661
45882
23606
3628
20987
41866
7474
27695
15502
8057
20506
88024
83364
40229
63868
5498
93536
11874
70746
4054
27662
5409
52905
72828
77137
36337
63944
58868
8055
34812
69651
54600
10190
39276
79534
97849
55797
42339
18111
28120
34211
87762
52300
41929
31869
90160
80563
22420
8618
31639
76253
94625
15252
4041
23074
97785
4638
65412
6662
50748
29767
22729
74452
66861
59249
56547
44527
9394
37442
81058
20290
6569
13202
85403
1285
59970
38087
59825
96202
93528
40272
92424
72779
8757
74647
56139
48153
61160
26064
88816
50568
50056
84310
18205
46444
59788
92678
1209
71246
77482
76501
99387
75190
42211
71218
52476
57444
44196
70105
71609
63311
66710
4915
99835
78156
99559
48052
75747
89730
81497
79004
77266
2382
67962
19474
15455
69401
28099
66362
86067
82914
69322
4406
82498
15899
65131
54078
39615
90891
86840
30033
20974
13422
3949
85686
4527
10492
61278
58124
61252
27748
64199
32634
92895
23052
16114
88919
46308
57058
20095
97850
34102
45832
53556
58181
32414
36620
18645
70397
39318
25892
21884
63667
14850
92995
60204
60138
28800
12012
70317
64457
94090
95581
6964
57570
9053
70208
31600
27528
46222
20883
83132
66686
20297
58735
44475
21532
88432
33460
4059
20098
69519
92761
19524
48856
31023
16839
83220
19724
65727
79540
25752
34716
11785
1192
45745
28722
14994
38943
16202
16699
54292
58361
7663
14432
93504
27170
59442
99842
67542
92652
21379
40163
47778
84400
69286
8179
6058
76425
31053
61574
72132
54188
85403
94114
3410
68617
98937
16863
6824
4468
32020
27538
2505
51543
23322
20365
49517
74692
68909
98386
11481
45156
92989
638
37619
56817
37302
69577
3019
80472
91893
82325
42254
79734
96164
76818
58181
97757
3981
3895
80304
58763
71950
227
41382
67231
29755
17821
67711
93356
15078
11571
71800
82023
61964
42923
37108
57170
66896
2175
55423
49456
92321
2920
56757
67879
26493
99182
58984
2088
15533
84554
11468
14497
81311
62869
32980
27816
53077
70759
1171
57003
40016
45631
63165
55238
92593
89636
54081
87124
52305
44624
55000
56958
52743
1662
17543
35831
64114
95918
37209
86692
80683
5524
50509
58467
98520
93227
98563
68297
18803
7575
64326
41521
67873
20234
96555
33658
68398
86208
54202
46673
80491
86459
47494
1434
10562
74595
9069
733
29432
92175
12034
28519
45802
63903
74600
4700
64880
298
69867
84174
48616
78115
18106
55134
98752
19881
51481
24049
89663
42204
55362
61774
12355
34562
69647
81638
24658
25142
81362
87884
99212
40960
96748
81308
53497
15577
81015
64347
81821
81470
66742
94947
44761
73934
62435
51817
62671
52305
91828
14900
91075
2925
77471
6509
6501
6286
44057
75821
96449
29284
22503
33146
12387
38651
45480
40589
36791
75483
15700
47565
47120
5980
74331
31394
40905
33401
99972
