41046
50608
39529
32095
83231
93848
48173
64628
43918
93188
69012
7132
53229
30147
94514
93864
89709
52997
45532
23505
80557
67845
28799
84832
8954
77413
61669
19613
59662
6285
3909
89584
90894
29436
38402
72376
45686
38543
88938
51279
55314
40663
65799
70134
71218
35893
9583
3138
91489
61795
30153
75008
68898
12804
69102
29497
40942
65142
99072
86625
82080
56346
45423
87407
9226
87123
2989
30064
64817
29063
27577
36836
38025
61085
94058
26243
83812
16817
67755
13943
96189
3192
57175
88500
22440
45975
42653
75534
71390
20962
7297
59224
45511
15886
16141
31002
2309
26598
30255
32690
90697
34271
3753
75378
9271
85818
59688
96189
64365
83652
15610
34284
39815
87082
98
87230
40075
31557
25345
96140
45838
28887
65475
54585
38619
35507
6803
17565
47677
82216
6714
93229
71100
29048
22659
84566
12038
99511
20575
10592
53225
26514
134
76627
45442
39972
20289
89696
11524
41352
90348
74118
22211
77589
5316
16725
89887
30258
28150
7184
84274
5924
57388
58971
64585
93980
15511
93801
45044
55906
29027
23057
25063
36537
33675
89665
37330
3502
7153
58173
26950
84491
24206
3762
91557
44119
51198
99256
69688
18556
59917
22344
51775
63431
268
14625
65756
34356
95392
70662
11648
40632
91075
3534
29229
8774
22259
95167
34147
11862
74757
98766
61029
58494
12780
49602
91495
53241
63255
43676
16424
23360
97254
10328
8796
66416
84099
41352
89499
57479
35329
40974
91778
57383
32157
12241
4956
37581
27899
24876
52000
71828
79308
60153
37636
2714
3253
81322
54180
61443
99126
61132
37126
63800
55851
65788
95577
74642
59223
6488
40789
33033
54455
29351
17083
59079
89480
99834
98794
64922
1326
12545
53182
57164
41811
53903
50116
96415
84398
63215
73257
78232
9321
38912
96128
50083
87397
67407
50815
83775
94259
98666
23505
56995
33072
58077
66228
52539
94324
74851
20275
42773
21172
1578
9293
80666
18074
3175
77412
4333
52631
86527
80132
38863
35802
74046
49129
65911
51408
75829
42734
59499
10296
59450
98300
83940
52963
14302
27532
1529
77684
78826
30839
57546
45874
53157
17114
86029
53391
64585
75395
62071
78386
84107
81638
73211
61978
54018
96936
59345
4125
24878
27073
99747
73473
31070
41042
53066
22590
52754
1565
56087
2646
23496
61106
5961
15691
88855
70740
57175
95954
59857
70548
53507
57015
35993
64365
9937
12036
91151
61565
16100
78268
95647
53391
48022
67928
8790
80812
74015
38079
92528
32552
74391
26270
14810
64839
11532
74578
75785
35811
1470
1759
4141
57776
10688
39330
35027
72563
1675
26722
58841
53659
16082
49561
85450
54546
14810
56871
42697
92578
58492
52273
94249
59838
92753
42773
93391
42188
16289
68865
29830
36022
48006
41111
49950
19300
26128
96149
40120
71220
3253
41497
98136
76053
87645
32132
14257
13477
60229
71353
75498
23162
10084
50969
36047
60867
15391
35549
57751
88776
47429
23650
42610
20389
46968
444
53425
17943
64787
66980
69213
9263
1914
33232
96385
37261
11312
14093
4695
1006
64647
15576
34276
40548
58841
21722
47049
80140
81724
52928
37484
68482
63326
85133
56271
40902
69529
70601
30360
90173
36982
28727
36942
90173
95128
16
9746
97867
21329
60811
19792
21217
97863
69288
73065
71683
48155
33255
90306
27233
51860
1725
29409
76939
71831
69415
74328
34997
11264
96188
53471
48727
26061
32222
5054
21504
64633
25789
5122
90398
53835
14898
4452
5431
40803
2003
20782
80525
99489
4198
15560
56364
36286
15205
10886
58259
30077
91416
15940
67755
67804
42197
6647
91781
50821
3232
66418
18246
11831
22138
20082
33085
32320
90836
11732
27345
42871
91707
42259
76059
33240
68555
36319
99206
86576
70054
86625
60561
41114
51639
9110
36275
82423
9339
65535
37089
41722
74664
47763
27944
71739
98942
88599
9746
47358
80640
5798
27405
1872
54746
45036
51481
63940
62662
60310
30160
90567
21378
94028
9268
94474
87939
22567
27601
35359
14363
47731
51408
88393
71263
24354
98425
69415
21272
34645
61853
4994
19987
34356
5364
61001
44057
44414
12066
95673
15935
51331
16261
42871
23925
11237
45738
19320
71229
10539
49314
50825
1357
56368
89404
53130
16244
85080
1938
74855
24574
46131
22926
82172
43859
69619
99149
66197
2507
83850
31786
36713
90478
80018
91008
30749
4731
47076
5024
21686
92544
98035
82024
92855
85889
4683
70572
89844
35653
41259
37396
77175
53061
26992
61004
74592
94354
49835
96698
32622
98180
43427
82473
61893
12126
56545
29426
68448
47426
24118
2074
32441
52481
38077
74907
79466
67409
34099
42203
3524
25089
2707
10733
43232
66543
65796
74576
17760
48993
50677
85849
51137
46327
92236
52206
25348
14257
67230
13476
13022
13792
18098
146
34479
31042
84834
78058
48455
37698
67605
23739
9878
60803
33889
85892
89625
54682
75616
17610
70450
31955
64814
57127
26431
82773
38456
83487
33874
69343
98698
47411
39969
29496
82510
95521
81842
85888
26220
81932
73883
18142
97832
24609
63576
24569
65847
43778
90961
68409
86877
76648
17298
6202
55465
63875
55217
1153
35228
21631
7760
23674
99120
8273
85133
26726
9256
69375
53882
48243
34195
37572
10167
52737
68257
78384
90047
79910
97363
53801
15021
27523
12394
3643
97088
17462
35267
65439
61367
15730
39983
66710
355
45624
42070
96183
84566
48680
29704
9266
66003
85897
23029
60143
5427
83288
44855
71445
35333
23773
44788
60217
49726
31784
70088
17896
43137
66152
71208
57385
24338
88012
26239
92628
72542
7465
96270
47960
81833
3364
59857
25616
57005
24216
78227
41259
82998
69752
75606
33458
48588
63592
30422
54250
90874
13050
74695
72673
13226
60468
6603
19003
41674
90682
54504
66803
96092
70323
41101
57248
32217
75387
61719
35428
97215
79542
41187
94487
77361
14014
89520
28549
55765
70519
27674
71988
51742
15573
63999
67218
90102
95448
75395
14064
35460
68259
48458
49392
90230
73549
5648
88675
60743
24009
25063
77929
25513
87798
50642
60569
93732
61691
32989
56907
6207
66083
85054
43152
37739
54714
54005
4260
53746
56735
45542
19355
83102
57274
73768
31534
63953
94279
33414
63427
46298
52523
3383
94647
46221
38406
13758
18039
94639
59223
89032
82361
54421
2894
66228
37111
76843
82199
31006
70374
6701
18222
16133
26176
43240
78076
2676
13856
71992
27532
83373
215
77226
47831
75790
94903
18308
34633
55573
23450
21753
12322
61001
92138
59978
99778
50141
97667
46566
61378
72972
70674
29971
39342
6832
47529
7820
1996
25650
83295
23121
30932
33090
18551
28366
38610
12446
53504
13694
95453
55446
97347
32971
43046
70054
62529
34234
64534
3041
3227
9749
54069
35163
19479
91316
38265
28442
55859
73197
48576
26950
30110
5924
83124
93983
47107
47705
6042
27431
23649
20717
18040
65351
4748
39341
492
39463
4773
8667
26940
37569
5559
42622
74437
72218
61321
6364
75241
96798
35126
23442
6163
39281
76382
93946
31627
52080
80706
73512
70809
35919
71807
69595
27073
6114
29871
83403
36906
44487
54281
57391
78733
91073
52230
80215
20850
47597
5173
78628
13259
6283
40567
68472
34811
86506
23209
78990
16397
94729
80319
49212
24486
64379
62557
66543
55168
20477
89832
86688
82334
10902
31468
16923
54952
77142
29249
98567
5961
88459
67963
55029
18456
47933
9746
73847
23504
53010
55859
54384
10048
45788
46840
25653
62630
34625
66043
79855
90395
82787
78602
47474
35126
84257
33203
18807
35373
32489
89552
35737
84671
27571
33194
23191
80669
66026
40000
86376
24405
55485
27265
43514
50327
3298
3852
5741
52943
64949
87084
24634
80922
4703
59366
39854
8887
54778
80518
52000
3670
16700
9944
74921
71381
34467
10312
66837
32480
84007
32232
84252
37253
53326
95895
53270
11581
12730
33290
97474
88651
45428
38415
19439
21722
79456
33578
78640
3534
69221
83489
5309
90469
38713
79418
75885
62890
88591
20042
67625
52845
71983
84978
465
63289
87863
55931
71789
57910
26569
6357
10704
9142
63783
11393
55961
31390
36364
89503
53110
69475
52209
73654
41449
63465
86604
37358
92434
25919
84035
23245
43642
1012
54291
9840
15979
94420
73011
90008
98876
17399
43515
40435
96435
50178
55961
7111
28162
46055
27159
19246
31195
97973
97850
40929
84007
14808
49543
80184
58048
29242
27405
34147
9377
63346
63742
42179
89453
359
63486
84330
64393
81714
66760
83920
93925
94243
24726
49177
12299
78662
65788
51996
15819
21088
55700
48682
1558
45733
98431
36601
30205
89665
74077
5292
5640
59754
32745
23162
56309
67462
50098
72941
5753
75484
2894
86268
72965
22932
45893
30661
46017
9580
18013
34753
22690
8602
82467
80168
31890
26603
63593
25101
54497
71183
35945
10537
85267
76127
42235
14060
75286
73254
78482
12038
74864
22414
9502
44783
41157
51609
69900
98136
55259
11598
84218
67252
38920
53523
86896
97320
36333
65736
5738
10486
12142
30397
73159
4240
21834
80443
89456
95943
32799
32265
6831
51388
30288
66093
24773
28831
88434
39860
49140
31971
53909
25425
48703
37323
72917
32860
18807
33274
55437
65142
30991
3036
74701
29819
71076
15017
71557
3475
80583
21150
62569
73805
45116
57167
62969
65520
22672
64617
45662
18503
66633
73415
28929
45786
72297
33232
67632
7443
80001
68322
7505
60485
65843
6581
58008
95438
26254
31948
59499
84082
18846
52241
44742
98910
27830
4170
20716
37440
49951
38622
50097
1845
61097
97686
32328
27265
74535
41541
51598
42836
46524
2300
90097
58980
97225
8429
20445
81736
51100
94485
61782
21234
24502
7841
91998
60425
33272
30663
71399
67449
42851
71071
6270
67387
30100
66122
86117
2771
84861
39435
80449
91393
28303
88164
84071
97814
10157
45910
98475
25968
91408
25473
36286
21087
40229
50969
74296
50500
47471
91471
34089
54406
87684
84924
67546
36144
20189
82800
63810
14065
55549
18219
5494
34308
80782
35269
6562
7123
32015
19221
1563
71722
30605
62663
70824
29577
13111
63769
57047
5271
3548
20581
35947
51200
43569
26388
9453
49815
21488
51490
829
85502
26302
33077
63668
84082
87073
34275
19402
5318
95623
78275
27664
38494
11007
35602
25304
40523
35750
21957
60125
12810
29378
92137
50382
26540
58488
36776
25625
21980
25503
52765
229
61427
67278
66582
42896
71581
72878
80339
82016
40316
39032
72985
50781
16402
77733
88053
31786
16669
69128
13303
64234
75820
57391
42321
12183
20249
40523
61437
26745
76852
88094
44602
9651
83812
93521
62379
57489
87230
89499
50116
27356
94141
8790
23853
55661
68052
45352
99186
98410
36479
43808
63505
14149
96205
18079
74265
44883
40283
61277
76367
69237
63448
24437
93968
16601
38271
47662
14034
99806
19751
9243
18562
34376
61671
11939
2338
39876
80900
53328
77036
90738
5424
70305
18461
29656
75073
60857
19665
93046
29555
70219
33505
20069
68432
69127
64219
60650
29786
58866
34695
55626
98175
92609
42687
9275
51285
26902
80120
63402
32024
27183
42739
41807
5254
1326
62782
80431
97634
76581
69735
77457
73487
70029
10047
18142
21026
29429
24956
11021
5963
83402
64938
62476
90903
73668
53886
35094
35442
68059
2347
15114
57167
8216
26421
99144
65302
30145
38745
89031
45552
10678
97861
47975
16192
56908
8813
76552
28828
66782
78529
20747
63213
65356
91729
12045
45014
61549
13460
26413
60025
56459
62914
90254
37530
89312
40982
33033
4717
87447
61740
30055
15175
60878
80170
70917
53801
47328
88133
51022
66789
11412
44441
48023
7008
67414
4472
47025
25543
94305
86372
7407
27280
43162
34910
2795
80621
16082
7494
52943
80420
83302
1750
20110
29632
30049
81870
74584
58969
16458
90636
40532
79745
20273
58930
20914
19589
31369
52767
64378
47786
91871
663
12446
84876
2771
73710
34890
58798
81900
71321
15124
22988
17639
8798
4451
87337
51023
42110
30659
19815
92779
65923
78112
68671
57688
29261
38912
8937
22131
57953
60334
50131
43270
84999
42597
82705
66838
44681
10805
51115
46955
38338
79211
14404
23085
20628
26397
52472
19991
87227
53256
33660
3056
48176
43143
37018
33740
63765
26726
48326
86572
89085
15849
10033
20416
99438
31404
42847
8599
45017
54230
24413
58465
16891
59804
13126
39419
92941
96583
18920
99793
92263
59308
14506
12686
75271
3474
57399
42363
90896
22454
63840
27007
73381
84270
4902
99579
28312
30716
31569
92260
50476
84819
57958
40767
18629
89364
35304
95225
52073
79202
55161
29306
79003
36077
57722
97155
33193
77284
7465
16776
6552
53112
74980
13685
67192
38486
6568
83112
38144
27725
56128
804
99681
35267
60008
23187
97102
72080
73394
34148
76239
32564
56579
4768
11015
17443
31291
19360
58737
54031
55635
50157
56312
62391
59110
82062
62155
21055
73634
27117
93854
74552
6841
95289
95392
57782
72181
36506
59967
44430
67188
23738
19540
60239
59564
17433
72300
46421
16848
49309
27131
77308
85015
23333
9403
46922
772
11540
11957
23146
72203
48469
86607
12584
42569
59492
28752
7865
84861
98579
47444
78575
24655
1406
7763
21487
84613
40215
53989
97020
7614
2550
88239
7273
21924
70713
27508
49985
69477
89703
65772
9980
38409
98988
99701
30564
87381
3502
40864
73503
50141
90530
17154
63017
33277
77653
39800
33060
42546
719
80740
32603
46854
4276
79717
34977
94233
98719
82861
42766
37037
20278
91612
82884
24815
13010
83920
95521
90044
50939
49236
55464
74015
89822
82347
96156
89940
78964
90155
67311
50584
49
42769
84409
2598
90836
33832
56558
97211
65763
44292
39997
79727
31622
44545
2051
11456
17879
80319
40163
67278
21802
26334
26883
3295
47601
89580
33050
83318
54240
51210
11971
76851
5645
79215
14094
59953
93544
42197
32054
24976
65987
58446
1805
57143
85033
28309
73861
92639
72650
66262
42612
23403
40161
16151
86607
44508
54397
44057
88434
71898
37794
11081
71486
7763
38728
54212
36123
93274
59773
18501
2305
6663
62459
90698
30693
144
154
38064
44354
52000
67177
10157
20568
55906
7220
423
52284
46942
80436
30758
61305
2303
66353
27043
61580
9794
25728
17048
32833
34048
83660
10081
30368
44460
68389
18807
56099
58349
69644
93565
93344
95781
40622
30947
87538
18728
46481
21001
34770
9667
46369
40779
51029
28619
27039
68167
16098
46942
25473
60352
60301
12930
40905
7868
21877
59652
46136
36727
34994
18366
20342
45915
62159
66705
87414
59564
51415
99998
43199
2507
95754
73669
72469
53120
95594
19219
7198
18909
75510
98074
39593
285
93408
48135
44223
72123
53125
28878
16515
13344
98666
10245
93119
57985
8915
10836
15143
53939
26599
81786
89694
25815
51351
5649
82390
42358
1651
24937
54409
75730
25934
14244
74436
73674
47458
35859
74704
31502
37714
15567
52318
4291
94279
15428
35792
35437
32861
78897
36712
52724
90161
60212
91506
48025
96247
22954
34265
73252
31499
67217
465
91778
71888
25352
81778
7924
13112
36496
44852
14043
8273
41743
90894
8279
30258
21992
6132
2725
36348
73882
24091
1890
72304
85649
32024
78780
99177
34401
3982
20931
12053
12996
56516
42510
95573
58820
69980
44675
29716
35792
34007
87811
23387
82022
74401
86699
56102
70601
24046
68946
85450
30334
4980
33714
32634
4695
72941
12677
51303
57622
69569
36074
32996
45116
36510
46959
91968
52934
37205
15150
16515
11135
90598
95268
11284
65005
66574
41392
80047
73472
41472
64589
37857
2386
45176
51383
21030
43326
93801
80050
17901
96614
4262
20271
8242
31479
51718
27365
63978
9085
33892
34705
1560
16457
24464
98780
63672
40244
8937
4096
61444
34579
76293
55528
44926
59896
18522
57114
93954
63207
18129
32715
12836
9437
42312
73296
19748
19599
7568
51481
54822
64167
78026
12984
52573
67800
92781
46087
34871
97029
10159
44539
99159
32626
41105
57705
93639
72254
10045
36261
90695
66773
19149
19489
35608
89524
35081
1352
55752
2967
74728
14624
34181
52425
21637
22166
48970
3402
152
93179
81042
71891
2982
38878
56706
15182
5485
47328
97835
30629
18595
33160
12761
29503
76828
19402
39758
98719
61959
87544
2698
5791
58737
36104
14062
37841
59344
16177
75764
60286
89231
26446
40474
53870
28954
96441
39849
4149
87582
72430
41984
17978
83380
30522
40151
3056
92382
37466
54698
69931
33496
24734
77091
82884
81741
75252
8434
65396
37077
3316
1108
59238
88608
51298
32237
32692
93496
22573
82616
90607
50576
38645
55203
5788
61017
67859
77279
79596
65763
2742
19363
34994
99385
33193
84010
79572
13089
4730
50254
19374
34147
86897
68902
73708
41585
80157
69430
67547
81810
69797
17675
65520
76712
29895
43005
12066
91783
45207
93433
58593
49686
50776
84998
9127
27052
50751
85906
55701
22555
60168
32000
37075
14928
67542
36088
10307
98726
83633
76488
85657
18365
30358
37137
67251
94732
48469
45404
39730
85426
24704
23648
50207
21321
55223
23638
75342
65388
66218
93961
95916
24876
3380
56309
92751
59763
9746
67695
22502
61029
95718
95165
35138
40924
45760
55888
44089
74676
78486
12214
5350
39571
45361
67588
23244
10331
99513
80365
66030
66446
85716
53226
76662
68116
55351
44945
33386
52391
16
17736
12332
34682
62185
97413
79415
90889
4375
55300
81250
37087
36917
79215
91664
95976
82432
85725
68474
47804
68858
67522
23616
15762
25474
27437
84157
19533
78826
88167
1073
51609
86560
93494
475
26497
84892
51457
47193
87185
99438
19051
67606
62029
87378
6040
19844
46757
40455
44233
80997
65945
44954
69378
81741
3739
88600
35872
39701
66897
4717
93143
7231
36666
26274
1983
47804
46781
4475
30605
80900
45710
9215
58446
50504
27317
75225
2068
81385
69065
92710
27444
89068
4200
17348
25365
88085
62085
98847
88677
68688
21758
31784
67435
26852
74542
5800
59888
84244
14968
4486
91286
5788
86787
22662
25707
20995
2858
31928
66927
63460
82463
25568
88677
13193
87849
70661
58727
87741
23944
85523
38494
19300
68230
91746
712
7135
9448
34947
93179
2075
83124
45729
62529
62534
73706
75342
21797
28166
40414
75737
11301
29508
39279
42862
31369
11961
57218
15966
3822
59323
28765
29340
84970
54194
50519
46748
96006
27236
74368
7268
41453
45895
27410
414
91664
16155
80956
54499
37492
53725
41146
50822
40910
31331
94044
84320
74465
79689
12459
8783
86337
4896
96859
25992
51292
35696
46407
66264
17608
78479
13556
10475
14792
7971
22969
54808
4854
63765
31075
98849
19339
22932
91286
21770
69544
42392
4801
81021
2324
57716
75330
14289
87449
97203
81120
35121
34020
97321
7390
59552
42631
37560
73832
29898
86378
55357
53330
16171
82390
78239
82066
9478
85950
17711
52098
28407
78774
14105
18145
4547
65515
88434
97035
89942
36825
25717
31908
13009
42400
85093
26158
47096
52623
36982
73975
26366
70897
1371
1995
92208
49726
4718
18370
90060
10234
78564
67734
70210
45659
73901
3380
99440
2892
28275
10710
23737
44776
29521
17209
38647
8427
59942
93572
26341
35832
37823
52187
21040
3943
26993
68634
77879
20135
88500
88953
6998
93268
60247
25244
33871
30666
94834
33623
7140
81239
96612
50907
51194
61967
58422
61029
34145
30293
16431
23085
16243
46593
8094
77491
65819
2041
40864
12240
64442
29261
68718
47803
44447
10658
89949
5912
50549
77668
29769
40861
45026
32901
94719
38745
56958
77210
5571
16632
60568
66217
90379
52429
27240
7878
37278
54964
45031
81859
95200
38542
55193
4288
37526
42259
45593
41244
48788
67075
72270
41358
90385
85641
9813
90403
8205
81176
69185
80561
1529
58886
24618
93654
62924
12246
49795
26699
61679
18860
99939
70637
92552
43326
60974
11631
20184
7080
96691
43427
53654
56829
59242
50827
11856
62358
82491
31843
16426
93174
6742
89942
20711
49471
16454
29392
82742
18446
89964
17540
92122
36369
96977
97161
68707
24555
86354
98630
86463
54851
23936
25543
15560
20558
28869
26973
36881
97846
61029
7860
1635
27577
70232
60122
29321
80759
6241
35416
89854
98851
49123
88886
95851
88239
99900
34990
56903
14392
70497
38360
30524
34007
72784
9377
64977
45853
42558
75666
54295
74044
90342
4974
87612
29420
47968
23360
39529
28873
5254
50208
18189
5799
34019
2335
16781
47450
84208
30693
51378
67948
68957
26048
24146
25755
56440
51609
100
16970
83201
2796
21357
55680
36995
50518
2198
78870
80590
73070
47541
76627
66401
26271
45246
14841
58034
24730
74015
4397
18446
41199
54374
34543
25702
15264
98167
77043
61345
73415
6352
2536
36569
23583
99955
68326
11351
69170
82491
53463
75147
47650
58123
78777
4910
88541
55646
12520
75593
61382
16440
53837
58867
70088
67200
40685
39117
41177
80785
81741
85361
85451
23394
87001
56754
47115
81746
89629
83276
49465
12016
38456
62150
74809
88239
10047
67114
63200
37274
19833
78602
49344
1645
60520
53571
69563
51040
43669
74098
54675
96075
60239
22425
26639
82024
33468
19307
63593
44250
66016
74622
84423
56744
67332
86625
56989
82153
1143
94841
80397
34422
75897
71468
42717
77613
1260
77930
27695
24845
68525
42610
81561
87778
2338
95931
70281
87365
87475
71058
70805
14835
61148
33476
87230
20717
62119
15918
58751
20729
1660
94506
77289
6552
75674
93401
32841
40547
47055
79560
63334
37768
39221
55371
40685
22134
27073
49939
98458
50683
53149
44443
19346
16031
65288
55131
17026
87766
84244
32273
97524
15610
2347
20844
94853
32235
73970
20656
27317
96618
57083
51736
49
92934
88412
70450
99339
2149
12851
15270
57816
8796
11831
4698
75750
13553
66324
97495
96987
64730
61291
61148
19580
92499
20994
13783
13207
54273
34483
10533
68363
55689
35125
38903
6270
73938
55573
60168
7325
882
88599
89882
66835
47549
47706
97472
87045
98651
3466
6478
5228
10157
6241
79894
39632
8296
50787
55807
25914
32024
43885
6556
13847
22962
31111
95051
24677
71060
88094
36484
7304
73381
41856
50209
47497
81588
64410
20203
99805
40908
77563
82573
59626
13311
69237
80143
66489
41596
40475
33844
97869
95781
70305
56828
3041
35267
3263
83897
52489
86156
98734
54576
92547
8449
27169
61852
20958
45456
49701
58048
87516
90221
38649
88657
70088
48243
74071
94253
26675
14042
58695
8054
31808
34265
49951
3131
95962
40732
12983
29566
89857
14642
79215
47673
14722
65568
31678
13344
76748
78916
59508
15840
8342
39887
82401
63399
55825
45698
70448
28505
98847
1675
31918
33284
58124
46765
69477
23413
38029
89123
12290
25473
3397
46799
50893
41224
27430
30384
50254
97493
81344
54030
59323
97774
41933
94354
98502
28464
77512
73920
22130
98293
60326
87733
22995
89206
68046
10219
71366
78487
47339
63255
74026
64759
75737
53553
99126
6419
67368
92570
75457
50136
10751
56516
30045
59905
47193
50891
93246
32264
48671
12593
22418
33998
89782
55831
12226
49240
69729
31578
22990
31594
43785
45128
94853
15409
89544
76341
19764
20782
65912
99362
61178
13578
98855
24197
11048
72297
78969
53940
36348
49934
69841
5299
35373
90935
54393
13776
69666
40154
96936
72632
26950
6140
27899
41852
17155
49026
10084
47622
62645
48785
38461
9243
96129
36187
99806
18498
38275
29221
47383
66721
31816
61607
65005
96129
37160
38366
21183
49684
1498
21540
87517
28977
73654
51889
14054
5038
5462
52394
3491
69065
64844
95641
50716
83989
83920
34841
43671
74485
72914
91301
17619
52246
30420
26806
44649
81242
42682
22519
59091
24157
70156
79115
60083
87507
66193
67961
26271
34910
33668
32580
51211
52372
31163
13034
58135
10992
11940
19302
34480
43553
98826
33026
70808
96821
60043
6137
19061
45039
77111
31826
80511
27647
65254
9078
35490
14302
64414
82411
81576
15988
14053
80802
804
57785
89977
59027
58521
69304
62083
93552
73668
24617
60222
92824
94225
56587
90469
86758
4178
37512
76172
24882
67615
9635
24723
24307
61455
35757
33813
19948
83577
39589
93579
55249
53548
91971
30670
74748
10922
64967
21122
90618
53903
80401
38612
63907
42362
55065
45326
48054
33658
61878
96779
48680
46654
54760
34147
77929
9271
76269
96289
33492
51170
64412
17991
99251
69954
43630
68579
49087
78588
78615
42529
15835
61886
45874
2938
54078
50769
73197
5164
40262
32617
24073
15716
38444
1872
73884
54734
36241
90940
41814
54549
91271
13574
98601
37391
65880
26389
73859
49381
62354
13578
65983
98910
95928
10047
52443
40038
1314
72645
91465
45186
33370
53543
20197
17114
79770
37701
31813
58225
47455
61188
58295
33256
63154
56846
30499
38211
62532
7971
56844
44861
34063
16736
29468
37915
37060
85950
99664
32986
18791
34669
34705
82235
22267
29819
29359
55228
79987
